u,True Values,Asymptotic Values,Simulated Values
0.0,1.0,0.0,1.0
0.06,0.9999999999999997,2.4884772960116993e-17,1.0
0.12,0.99999999999999,1.1999025459268864e-14,1.0
0.18,0.9999999999998599,4.3441982608454347e-13,1.0
0.24,0.999999999998846,5.4487966210636975e-12,1.0
0.3,0.9999999999934064,3.823253071629616e-11,1.0
0.36,0.9999999999710791,1.8578326526714095e-10,1.0
0.42,0.9999999998959982,7.005998328896454e-10,1.0
0.48,0.9999999996793913,2.194521718483968e-09,1.0
0.54,0.9999999991257581,5.965610800951097e-09,1.0
0.6,0.9999999978426874,1.4501557953231692e-08,1.0
0.6599999999999999,0.9999999950996393,3.2202616497778106e-08,1.0
0.72,0.9999999896186353,6.636369201001405e-08,1.0
0.78,0.999999979277844,1.2844932504284293e-07,1.0
0.84,0.9999999607076233,2.356873687875081e-07,1.0
0.8999999999999999,0.9999999287577583,4.1299771558669925e-07,1.0
0.96,0.9999998758145053,6.952619992861444e-07,0.999995
1.02,0.9999997909465805,1.129929305522383e-06,1.0
1.08,0.9999996588604593,1.7799420255219959e-06,1.0
1.14,0.9999994586472214,2.7269554995712944e-06,0.999995
1.2,0.9999991623056306,4.074815358067418e-06,1.0
1.26,0.9999987330291238,5.953247757801252e-06,0.99999
1.3199999999999998,0.9999981232478086,8.521710239232525e-06,1.0
1.38,0.9999972724203445,1.1973344844179376e-05,1.0
1.44,0.9999961045746201,1.6538970521450027e-05,0.999995
1.5,0.9999945256003364,2.24910487470779e-05,0.999995
1.56,0.9999924203008859,3.0147554686841748e-05,0.999995
1.6199999999999999,0.9999896492161499,3.987568608361199e-05,0.999995
1.68,0.9999860452320072,5.209534328057736e-05,0.99999
1.74,0.999981409996288,6.72823162877725e-05,0.99999
1.7999999999999998,0.999975510164642,8.597111843826127e-05,0.99996
1.8599999999999999,0.9999680735031791,0.00010875741082268536,0.99998
1.92,0.9999587848777898,0.00013629996718873504,0.999965
1.98,0.9999472821626972,0.00016932213519322363,0.999955
2.04,0.9999331521029812,0.00020861275664622162,0.999945
2.1,0.999915926167588,0.00025502651653943264,0.999925
2.16,0.9998950764305944,0.00030948369806062584,0.99988
2.2199999999999998,0.9998700115193196,0.00037296932832633353,0.999885
2.28,0.9998400726681964,0.00044653170708965463,0.99984
2.34,0.9998045299171927,0.0005312803180832729,0.999845
2.4,0.9997625784929929,0.000628383129835957,0.999775
2.46,0.999713335410155,0.0007390632996624022,0.99973
2.52,0.9996558363280543,0.00086459530099254,0.99968
2.58,0.9995890326976645,0.0010063005002111352,0.999605
2.6399999999999997,0.9995117892301226,0.0011655422146677043,0.99952
2.6999999999999997,0.9994228817166317,0.00134372028844855,0.99939
2.76,0.9993209952265838,0.0015422652268462815,0.99928
2.82,0.9992047227079178,0.0017626319341976088,0.99913
2.88,0.9990725640106476,0.002006293102877101,0.999135
2.94,0.9989229253512948,0.0022747323037319066,0.99899
3.0,0.9987541192326368,0.002569436830126917,0.998875
3.06,0.9985643648297996,0.0028918903490556874,0.998675
3.12,0.9983517888503047,0.00324356541348,0.99836
3.1799999999999997,0.9981144268722593,0.0036259158902161065,0.998185
3.2399999999999998,0.9978502251614997,0.004040369357318866,0.997965
3.3,0.9975570429651719,0.004488319524060293,0.99763
3.36,0.997232655276006,0.004971118725293651,0.997385
3.42,0.9968747560584303,0.0054900705402774,0.996915
3.48,0.9964809619246867,0.006046422583945894,0.996655
3.54,0.9960488162463026,0.006641359516197714,0.996145
3.5999999999999996,0.9955757936836249,0.007275996312069596,0.995615
3.6599999999999997,0.9950593051136793,0.007951371832716521,0.99509
3.7199999999999998,0.9944967029343544,0.00866844273396753,0.994425
3.78,0.9938852867208937,0.009428077745912838,0.993995
3.84,0.9932223092088376,0.010231052353539504,0.992875
3.9,0.9925049825759797,0.011078043904907589,0.99286
3.96,0.991730484994523,0.011969627169781897,0.99214
4.02,0.9908959674234772,0.012906270368038862,0.990885
4.08,0.9899985606104325,0.013888331683585525,0.989735
4.14,0.9890353822711307,0.014916056275985372,0.9892
4.2,0.9880035444147943,0.015989573798512093,0.98812
4.26,0.9869001607828914,0.01710889642796784,0.98686
4.32,0.9857223543689628,0.01827391740833222,0.98554
4.38,0.9844672649872551,0.01948441010716662,0.98435
4.4399999999999995,0.9831320568582332,0.020740027580705922,0.983095
4.5,0.9817139261795252,0.02204030264073604,0.98173
4.56,0.9802101086515183,0.023384648413696037,0.97966
4.62,0.9786178869276189,0.0247723593799652,0.97901
4.68,0.9769345979601519,0.02620261287900507,0.977345
4.74,0.9751576402139404,0.0276744710639325,0.975345
4.8,0.9732844807207975,0.029186883287200354,0.973715
4.859999999999999,0.9713126619494674,0.03073868889736552,0.9717
4.92,0.9692398084669178,0.03232862042542283,0.969335
4.9799999999999995,0.9670636333683728,0.03395530713788244,0.96692
5.04,0.9647819444549784,0.03561727893266094,0.96441
5.1,0.9623926501395955,0.037312970552939084,0.96296
5.16,0.9598937650628276,0.039040726093409264,0.95984
5.22,0.9572834154030504,0.04079880377278259,0.957585
5.279999999999999,0.9545598438658879,0.04258538094604763,0.954665
5.34,0.9517214143402619,0.044398559329757295,0.9521
5.3999999999999995,0.9487666162098332,0.04623637041356251,0.94823
5.46,0.9456940683103274,0.04809678103130168,0.945965
5.52,0.9425025225249042,0.04997769906518202,0.942365
5.58,0.9391908670113562,0.0518769792569477,0.938205
5.64,0.9357581290565421,0.05379242910040558,0.93583
5.7,0.9322034775550077,0.05572181479026714,0.93335
5.76,0.9285262251102769,0.057662867202951336,0.92896
5.819999999999999,0.9247258297587629,0.05961328788577123,0.92505
5.88,0.9208018963176613,0.06157075503178434,0.91969
5.9399999999999995,0.9167541773595386,0.06353292941851642,0.916865
6.0,0.9125825738176245,0.06549746028975945,0.91138
6.06,0.9082871352270331,0.06746199116068811,0.90791
6.12,0.9038680596082957,0.0694241655276284,0.90412
6.18,0.8993256930006696,0.07138163246493438,0.899015
6.24,0.8946605286536922,0.07333205209258348,0.894895
6.3,0.8898732058863943,0.07527310089926957,0.890525
6.359999999999999,0.8849645086244305,0.07720247690696122,0.88502
6.42,0.8799353636261885,0.079117904664081,0.87864
6.4799999999999995,0.8747868384096337,0.08101714005565333,0.87451
6.54,0.8695201388922862,0.08289797491995325,0.8687
6.6,0.8641366067572954,0.08475824146235887,0.86509
6.66,0.858637716559054,0.08659581645826853,0.857685
6.72,0.8530250725822252,0.08840862523807419,0.85346
6.779999999999999,0.847300405468396,0.09019464544829384,0.847505
6.84,0.8414655686248558,0.09195191058404034,0.84076
6.8999999999999995,0.8355225344302218,0.09367851328905254,0.83401
6.96,0.8294733902517714,0.09537260842052096,0.82924
7.02,0.8233203342894538,0.09703241587691147,0.82258
7.08,0.817065671261577,0.09865622318792001,0.81747
7.14,0.8107118079471508,0.1002423878665764,0.810965
7.199999999999999,0.8042612485997972,0.10178933952435915,0.80417
7.26,0.797716590248016,0.10329558175097747,0.79736
7.319999999999999,0.7910805178964317,0.10475969376122775,0.791425
7.38,0.7843557996424293,0.10618033181203429,0.78428
7.4399999999999995,0.7775452817223502,0.10755623039343819,0.777045
7.5,0.770651883501115,0.10888620319790727,0.769595
7.56,0.7636785924188348,0.1101691438728985,0.76399
7.62,0.7566284589076039,0.11140402656211863,0.75675
7.68,0.7495045912913001,0.11258990624139371,0.74929
7.739999999999999,0.7423101506808004,0.11372591885548056,0.740795
7.8,0.7350483458765936,0.11481128126252672,0.734105
7.859999999999999,0.7277224282903227,0.11584529099321962,0.727245
7.92,0.7203356868963233,0.1168273258319525,0.7212
7.9799999999999995,0.7128914432237349,0.11775684322758456,0.71327
8.04,0.7053930463992809,0.11863337954157897,0.705315
8.1,0.6978438682502913,0.11945654914147265,0.69951
8.16,0.6902472984770495,0.12022604334776356,0.68987
8.219999999999999,0.682606739903009,0.12094162924239926,0.68091
8.28,0.6749256038109184,0.12160314834711286,0.67434
8.34,0.6672073053723658,0.12221051517988478,0.667585
8.4,0.6594552591777285,0.12276371569781022,0.659065
8.459999999999999,0.6516728748730052,0.12326280563462469,0.65176
8.52,0.6438635529094776,0.12370790874108713,0.64329
8.58,0.636030680411656,0.1240992149363403,0.63838
8.64,0.6281776271684427,0.12443697837826784,0.628605
8.7,0.6203077417519653,0.12472151546074306,0.619685
8.76,0.6124243477680398,0.12495320274552232,0.61351
8.82,0.6045307402417521,0.12513247483637419,0.60486
8.879999999999999,0.5966301821411791,0.12525982220285897,0.595685
8.94,0.5887259010418211,0.12533578896098074,0.58873
9.0,0.5808210859338832,0.12536097061772772,0.58095
9.06,0.5729188841741136,0.12533601178630122,0.573585
9.12,0.5650223985834977,0.1252616038786048,0.56578
9.18,0.5571346846917185,0.12513848278132855,0.556065
9.24,0.5492587481289088,0.12496742652172098,0.54822
9.299999999999999,0.5413975421648588,0.12474925292888928,0.54216
9.36,0.5335539653954982,0.12448481729621479,0.533595
9.42,0.5257308595761407,0.12417501005021052,0.52735
9.48,0.5179310076006616,0.12382075443088623,0.51743
9.54,0.5101571316254875,0.12342300418842375,0.50974
9.6,0.5024118913369912,0.12298274130069972,0.502125
9.66,0.49469788236062595,0.12250097371593073,0.49478
9.719999999999999,0.48701763480988075,0.12197873312445132,0.48664
9.78,0.4793736119729084,0.12141707276337604,0.477985
9.84,0.471768209134471,0.1208170652576375,0.4722
9.9,0.46420375253063173,0.12017980050063762,0.462225
9.959999999999999,0.45668249843346026,0.11950638357749911,0.456655
10.02,0.44920663236282804,0.11879793273365667,0.44831
10.08,0.44177826842224277,0.11805557739128751,0.442505
10.139999999999999,0.4343994487555063,0.11728045621584403,0.43376
10.2,0.42707214312087954,0.11647371523472258,0.426545
10.26,0.4197982485793163,0.11563650600987806,0.418605
10.32,0.41257958929323213,0.11476998386597878,0.410785
10.379999999999999,0.4054179164321976,0.11387530617548497,0.40705
10.44,0.3983149081818675,0.11295363070183248,0.39844
10.5,0.3912721698524069,0.11200611400170896,0.39056
10.559999999999999,0.3842912340826201,0.11103390988722099,0.38504
10.62,0.37737356113595855,0.11003816794857181,0.377965
10.68,0.3705205392845604,0.10902003213769774,0.369785
10.74,0.3637334852774529,0.10798063941314627,0.364695
10.799999999999999,0.35701364488905113,0.1069211184463241,0.357575
10.86,0.35036219354408493,0.10584258838909352,0.349565
10.92,0.343780237015106,0.10474615770255792,0.345035
10.98,0.33726881218873905,0.10363292304674127,0.33875
11.04,0.33082888789687703,0.10250396823074492,0.330795
11.1,0.32446136580905427,0.1013603632228464,0.32399
11.16,0.3181670813822732,0.100203163219896,0.318635
11.219999999999999,0.3119468048646091,0.09903340777526484,0.31136
11.28,0.30580124234897554,0.09785211998450358,0.303485
11.34,0.29973103687348857,0.09666030572778386,0.300405
11.4,0.2937367695649361,0.09545895296811299,0.293545
11.459999999999999,0.2878189608219289,0.09424903110424022,0.28653
11.52,0.2819780715343802,0.09303149037710413,0.28299
11.58,0.2762145043360429,0.09180726132861222,0.276045
11.639999999999999,0.2705286048869085,0.09057725431148667,0.27124
11.7,0.2649206631823621,0.08934235904886424,0.264175
11.76,0.25939091488606913,0.08810344424229455,0.260515
11.82,0.25393954268365865,0.08686135722674301,0.254765
11.879999999999999,0.24856667765436075,0.0856169236711752,0.24746
11.94,0.24327240065784636,0.0843709473232704,0.24354
12.0,0.23805674373360997,0.08312420979679212,0.2396
12.059999999999999,0.23291969151033082,0.08187747040012514,0.23367
12.12,0.2278611826227432,0.08063146600447642,0.22757
12.18,0.22288111113364342,0.07938691095022932,0.222335
12.24,0.21797932795875155,0.07814449698993478,0.21869
12.299999999999999,0.21315564229224856,0.07690489326642387,0.2128
12.36,0.20840982303089825,0.07566874632452796,0.20805
12.42,0.20374160019476398,0.07443668015489965,0.20265
12.48,0.19915066634261885,0.07320929626843646,0.198585
12.54,0.19463667798024614,0.07198717379982156,0.19464
12.6,0.19019925695991588,0.07077086963871111,0.189925
12.66,0.18583799186941685,0.06956091858711537,0.184785
12.719999999999999,0.18155243940911203,0.06835783354153967,0.18277
12.78,0.17734212575557287,0.06716210569847399,0.177335
12.84,0.1732065479104391,0.06597420478184464,0.172115
12.9,0.16914517503322996,0.06479457929106495,0.16837
12.959999999999999,0.16515744975692134,0.06362365676835172,0.165215
13.02,0.1612427894851821,0.06246184408400133,0.162035
13.08,0.15740058767024506,0.06130952773835055,0.158745
13.139999999999999,0.15363021507046193,0.060167074179177285,0.153235
13.2,0.14993102098667208,0.05903483013332975,0.15071
13.26,0.14630233447658544,0.057913122951405646,0.146915
13.32,0.142743465546452,0.05680226096433566,0.14289
13.379999999999999,0.13925370631935946,0.055702533850761786,0.140175
13.44,0.13583233217956872,0.054614213014134674,0.13612
13.5,0.13247860289236146,0.05353755196849052,0.13238
13.559999999999999,0.1291917636989342,0.052472786731902726,0.130045
13.62,0.12597104638593704,0.05142013622664038,0.127845
13.68,0.12281567032931283,0.0503798026851013,0.12292
13.74,0.1197248435121438,0.049351972060622626,0.11986
13.799999999999999,0.11669776351627337,0.04833681444230885,0.11762
13.86,0.11373361848751591,0.047334484473052094,0.113205
13.92,0.11083158807432053,0.046345121769955554,0.111315
13.979999999999999,0.1079908443397986,0.04536885134640537,0.108935
14.04,0.10521055264707119,0.04440578403507159,0.105215
14.1,0.10248987251793605,0.04345601691115335,0.102995
14.16,0.09982795846489077,0.042519633715216505,0.10016
14.219999999999999,0.09722396079659039,0.04159670527500625,0.09833
14.28,0.0946770263968519,0.040687289925649094,0.094615
14.34,0.09218629947735443,0.039791433927691966,0.09307
14.399999999999999,0.08975092230421253,0.03890917188245607,0.090035
14.459999999999999,0.08737003589863397,0.03804052714421557,0.087185
14.52,0.08504278071190076,0.03718551222874042,0.085295
14.58,0.08276829727493659,0.0363441292177721,0.08105
14.639999999999999,0.08054572682275239,0.03551637015903004,0.08048
14.7,0.07837421189408086,0.03470221746137381,0.079125
14.76,0.0762528969065361,0.033901644284774185,0.07634
14.82,0.07418092870765054,0.033114614924771094,0.074665
14.879999999999999,0.07215745710216187,0.0323410851911232,0.071585
14.94,0.07018163535593853,0.0315810027803778,0.070015
15.0,0.06825262067694772,0.030834307642113822,0.06786
15.059999999999999,0.06636957467368244,0.030100932338633472,0.066244
15.12,0.06453166379147803,0.029380802397900314,0.064772
15.18,0.06273805972715897,0.028673836659543383,0.062998
15.24,0.06098793982246535,0.027979947613766373,0.061078
15.299999999999999,0.05928048743671881,0.027299041733021816,0.059296
15.36,0.057614892299193386,0.02663101979632818,0.05722
15.42,0.055990350841664295,0.025975777206126472,0.056306
15.479999999999999,0.054406066511611124,0.025333204297589784,0.054692
15.54,0.05286125006655726,0.02470318664031585,0.052688
15.6,0.05135511985003092,0.02408560533234881,0.051182
15.66,0.04988690204963298,0.023480337286490568,0.049596
15.719999999999999,0.048455830937700985,0.022887255508877026,0.048418
15.78,0.04706114909505691,0.0223062293698076,0.046994
15.84,0.04570210761832766,0.021737124866829584,0.045936
15.899999999999999,0.044377966311324554,0.021179804880090303,0.043894
15.959999999999999,0.04308799386096733,0.020634129419982133,0.043442
16.02,0.04183146799823609,0.02009995586711592,0.041588
16.08,0.04060767564463001,0.01957713920466813,0.0405
16.14,0.03941591304460922,0.019065532243156807,0.039308
16.2,0.03825548588449267,0.018564985837710542,0.038452
16.259999999999998,0.03712570939827717,0.018075349097901827,0.037222
16.32,0.03602590846084184,0.017596469590225285,0.036082
16.38,0.0349554176689931,0.017128193533307207,0.034728
16.439999999999998,0.03391358141080039,0.016670365985939753,0.033726
16.5,0.03289975392366754,0.01622283102803952,0.032648
16.56,0.03191329934157665,0.015785431934635493,0.032422
16.62,0.030953591731933995,0.015358011342995937,0.030592
16.68,0.03002001512244237,0.014940411413009669,0.030016
16.74,0.029111963518413577,0.014532473980939698,0.029218
16.8,0.028228840910929854,0.014134040706672355,0.028072
16.86,0.027370061276253382,0.013744953214587501,0.027134
16.919999999999998,0.02653504856687469,0.013365053228178339,0.026662
16.98,0.02572323669458402,0.01299418269855251,0.025818
17.04,0.02493406950593972,0.01263218392694772,0.025346
17.099999999999998,0.02416700075049934,0.012278899681397032,0.023996
17.16,0.023421494042171597,0.01193417330768094,0.023336
17.22,0.02269702281403758,0.011597848834704135,0.022738
17.28,0.021993070266980448,0.0112697710744356,0.022028
17.34,0.021309129312456005,0.010949785716552187,0.021246
17.4,0.02064470250972497,0.010637739417924891,0.020606
17.46,0.01999930199786152,0.010333479887088496,0.019884
17.52,0.01937244942284217,0.010036855963834189,0.019688
17.58,0.018763675860010653,0.009747717694064729,0.018678
17.64,0.018172521732206393,0.009465916400051455,0.018264
17.7,0.017598536723834553,0.009191304746231367,0.017368
17.759999999999998,0.01704127969114731,0.00892373680068152,0.017174
17.82,0.016500318568997824,0.0086630680924074,0.016616
17.88,0.01597523027431942,0.008409155664580201,0.015906
17.939999999999998,0.015465600606573895,0.008161858123856596,0.015724
18.0,0.01497102414540553,0.00792103568591348,0.014888
18.06,0.01449110414572815,0.007686550217328083,0.014346
18.12,0.014025452430464764,0.007458265273932089,0.014098
18.18,0.013573689281152108,0.007236046135767091,0.0136
18.24,0.013135443326613186,0.007019759838765856,0.013126
18.3,0.01271035142989462,0.0068092752032827605,0.01262
18.36,0.012298058573657138,0.006604462859593967,0.012222
18.419999999999998,0.01189821774420016,0.0064051952704859095,0.012034
18.48,0.01151048981429479,0.006211346751048637,0.011776
18.54,0.011134543424991686,0.006022793485787958,0.011286
18.599999999999998,0.010770054866563404,0.005839413543167989,0.010734
18.66,0.01041670795873448,0.005661086887693595,0.010318
18.72,0.010074193930345247,0.005487695389639519,0.009862
18.779999999999998,0.009742211298588899,0.005319122832530496,0.009842
18.84,0.009420465747955466,0.005155254918474503,0.00943
18.9,0.009108670009009568,0.0049959792714484854,0.00899
18.96,0.008806543737122852,0.0048411854386334096,0.008582
19.02,0.008513813391276572,0.0046907648898933015,0.008604
19.08,0.008230212113043294,0.004544611015489921,0.008222
19.14,0.00795547960585182,0.004402619122122693,0.007996
19.2,0.007689362014633614,0.004264686427380709,0.007704
19.259999999999998,0.007431611805943615,0.004130712052691123,0.0075
19.32,0.0071819876486437515,0.004000597014846041,0.007336
19.38,0.00694025429523197,0.00387424421618725,0.007114
19.439999999999998,0.00670618246389493,0.003751558433525779,0.006738
19.5,0.006479548721358122,0.003632446305870999,0.006736
19.56,0.0062601353666023665,0.003516816321041412,0.00621
19.62,0.006047730315511246,0.003404578801226883,0.006018
19.68,0.005842126986510306,0.003295645887570011,0.00576
19.74,0.0056431241872540346,0.0031899315238316005,0.00563
19.8,0.00545052600241348,0.003087351439203363,0.005316
19.86,0.005264141682613077,0.0029878231303284335,0.00535
19.919999999999998,0.005083785534561661,0.0028912658425881764,0.004964
19.98,0.00490927681241949,0.002797600550711711,0.005068
20.04,0.004740439610439296,0.002706749938762307,0.004784
20.099999999999998,0.0045771027569163,0.0026186383795527663,0.004488
20.16,0.004419099709479169,0.002533191913539971,0.00439
20.22,0.004266268451750669,0.0024503382272466584,0.004318
20.279999999999998,0.004118451391403928,0.0023700066312565492,0.004136
20.34,0.003975495259637656,0.002292128037827157,0.004034
20.4,0.0038372510120908594,0.0022166349381626187,0.00385
20.46,0.0037035737312150294,0.0021434613793870905,0.003702
20.52,0.0035743225301196296,0.0020725429412575924,0.003466
20.58,0.0034493604579040444,0.002003816712653254,0.003546
20.64,0.0033285544064873026,0.001937221267876448,0.00343
20.7,0.003211775018944583,0.001872696642799509,0.003272
20.759999999999998,0.0030988965993574823,0.0018101843108891545,0.003166
20.82,0.0029897970241833664,0.0017496271591392887,0.002958
20.88,0.0028843576551470917,0.0016909694639412319,0.002744
20.939999999999998,0.002782463253656677,0.0016341568669189944,0.002784
21.0,0.0026840018967431135,0.0015791363507558732,0.002694
21.06,0.0025888648945226805,0.001525856215037173,0.00258
21.119999999999997,0.002496946709178805,0.0014742660521325556,0.002402
21.18,0.0024081448754591918,0.0014243167231402778,0.002392
21.24,0.0023223599226825428,0.0013759603339142902,0.0024
21.3,0.0022394952982479513,0.0013291502111939194,0.002284
21.36,0.002159457292639096,0.0012838408788548338,0.002168
21.419999999999998,0.0020821549659139614,0.0012399880342986733,0.00209
21.48,0.002007500075670153,0.001197548524997834,0.002034
21.54,0.0019354070064746484,0.0011564803252107076,0.001954
21.599999999999998,0.0018657927007460667,0.00111674251288172,0.001784
21.66,0.0017985765910767287,0.0010782952467395736,0.00182
21.72,0.0017336805339809725,0.0010410997436061161,0.001672
21.779999999999998,0.001671028745055448,0.0010051182559273535,0.001634
21.84,0.001610547735536562,0.0009703140495373246,0.001598
21.9,0.0015521662502395537,0.0009366513816646671,0.001566
21.96,0.0014958152068631205,0.0009040954791909001,0.001462
22.02,0.0014414276366431066,0.000872612517168766,0.001532
22.08,0.0013889386263381534,0.0008421695976081283,0.001442
22.14,0.0013382852615299516,0.0008127347285363253,0.001358
22.2,0.0012894065712202446,0.0007842768033391512,0.001234
22.259999999999998,0.001242243473706411,0.0007567655803879875,0.001228
22.32,0.0011967387237172347,0.0007301716629580536,0.001112
22.38,0.0011528368607901165,0.0007044664794421045,0.001174
22.439999999999998,0.001110484158870771,0.0006796222638633538,0.0011
22.5,0.0010696285771163217,0.0006556120366909104,0.00113
22.56,0.0010302197118824752,0.000632409585960466,0.001014
22.619999999999997,0.0009922087498753114,0.0006099894487024955,0.001044
22.68,0.0009555484224482156,0.0005883268926798113,0.001
22.74,0.0009201929610242974,0.0005673978984358406,0.001004
22.8,0.0008860980536246184,0.0005471791416545845,0.000918
22.86,0.0008532208024825799,0.0005276479758328713,0.000826
22.919999999999998,0.0008215196827247104,0.0005087824152650796,0.000778
22.98,0.00079095450209821,0.0004905611183402277,0.000806
23.04,0.0007614863617255833,0.00047296337115094984,0.000756
23.099999999999998,0.0007330776178667508,0.00045596907141357934,0.00076
23.16,0.0007056918446691398,0.0004395587126982891,0.000764
23.22,0.0006792937978863124,0.0004237133689679426,0.000652
23.279999999999998,0.0006538493795457833,0.0004084146794240486,0.00063
23.34,0.0006293256035468526,0.0003936448336580008,0.000642
23.4,0.0006056905621693589,0.00037938655710552827,0.000586
23.46,0.0005829133934744248,0.00036562309680207957,0.000552
23.52,0.0005609642495784523,0.0003523382074366886,0.0006
23.58,0.0005398142657817367,0.00033951613770165064,0.000504
23.64,0.0005194355305333209,0.0003271416169352089,0.000486
23.7,0.0004998010562138463,0.0003151998420542682,0.000468
23.759999999999998,0.0004808847507183713,0.0003036764647740123,0.000488
23.82,0.00046266138982135717,0.0002925575791111891,0.000492
23.88,0.0004451065903062114,0.0002818297091676843,0.000414
23.939999999999998,0.0004281967838419988,0.0002714797971909014,0.000422
24.0,0.00041190919159018373,0.00026149519190737713,0.000366
24.06,0.0003962217995244753,0.00025186363712595856,0.000452
24.119999999999997,0.00038111333444708654,0.00024257326060678653,0.000376
24.18,0.0003665632406849833,0.00023361256319227446,0.000418
24.24,0.00035255165744992127,0.0002249704081961925,0.000382
24.3,0.00033905939684631856,0.00021663601104691263,0.00032
24.36,0.0003260679225112936,0.00020859892918083993,0.00032
24.419999999999998,0.0003135593288714065,0.00020084905218198813,0.000274
24.48,0.000301516321000942,0.00019337659216365108,0.000316
24.54,0.0002899221950668072,0.0001861720743880778,0.000298
24.599999999999998,0.0002787608193453692,0.00017922632812003962,0.000302
24.66,0.0002680166157968492,0.00017253047771017502,0.000262
24.72,0.0002576745421831187,0.00016607593390397625,0.000254
24.779999999999998,0.0002477200747150141,0.0001598543853722788,0.000208
24.84,0.00023813919121555907,0.00015385779045912743,0.00028
24.9,0.00022891835478572838,0.0001480783691428843,0.000214
24.96,0.00022004449795964682,0.00014250859520645938,0.000252
25.02,0.00021150500733639325,0.00013714118861256572,0.000228
25.08,0.00020328770867580952,0.0001319691080799031,0.000232
25.14,0.00019538085244599605,0.0001269855438562138,0.00022
25.2,0.00018777309981041486,0.0001221839106841662,0.000158
25.259999999999998,0.00018045350904277163,0.00011755784095605226,0.000194
25.32,0.00017341152235811255,0.00011310117805332256,0.000186
25.38,0.00016663695314880764,0.00010880796986700896,0.000148
25.439999999999998,0.0001601199736143369,0.00010467246249512089,0.000152
25.5,0.0001538511027740529,0.000100689094113148,0.00017
25.56,0.00014782119485231917,9.685248901383337e-05,0.000122
25.619999999999997,0.00014202142802566725,9.315745181242661e-05,0.000118
25.68,0.0001364432935218548,8.9598961813675e-05,0.000134
25.74,0.00013107858506093424,8.617216753685182e-05,0.000118
25.8,0.000125919388628668,8.28723813951674e-05,0.000118
25.86,0.00012095807257286478,7.969507452596537e-05,0.000148
25.919999999999998,0.00011618727801341691,7.663587176814505e-05,0.000142
25.98,0.00011159990955705523,7.369054678331244e-05,0.000128
26.04,0.00010718912630804396,7.085501731720833e-05,0.000118
26.099999999999998,0.00010294833316625181,6.812534059801461e-05,0.000106
26.16,9.887117240425223e-05,6.54977088681982e-05,9.6e-05
26.22,9.495151551530528e-05,6.29684450466016e-05,0.000106
26.279999999999998,9.118345532427599e-05,6.0533998517543895e-05,0.0001
26.34,8.756129835375061e-05,5.819094104375503e-05,0.000108
26.4,8.407955743780087e-05,5.593596280001769e-05,9.2e-05
26.459999999999997,8.07329445760397e-05,5.37658685244466e-05,8.6e-05
26.52,7.75163640208056e-05,5.167757378439473e-05,8e-05
26.58,7.442490559049337e-05,4.966810135402795e-05,7.2e-05
26.64,7.145383820222963e-05,4.7734577700665375e-05,6.4e-05
26.7,6.859860361727736e-05,4.5874229577043e-05,7e-05
26.759999999999998,6.58548103927181e-05,4.408438071670712e-05,6.4e-05
26.82,6.321822803314088e-05,4.236244862980578e-05,7.8e-05
26.88,6.068478133622968e-05,4.070594149659793e-05,8e-05
26.939999999999998,5.8250544926305285e-05,3.911245515605528e-05,5.2e-05
27.0,5.5911737970042274e-05,3.757967018698864e-05,6.5e-05
27.06,5.3664719068735856e-05,3.610534907918276e-05,5.9e-05
27.119999999999997,5.1505981321647134e-05,3.4687333492076905e-05,4.4e-05
27.18,4.9432147555109844e-05,3.332354159858478e-05,4.7e-05
27.24,4.743996571222521e-05,3.201196551169733e-05,5.5e-05
27.3,4.55263043981164e-05,3.075066879156465e-05,4.4e-05
27.36,4.368814857585816e-05,2.9537784030807605e-05,5.9e-05
27.419999999999998,4.19225954083294e-05,2.837151051585662e-05,4.5e-05
27.48,4.022685024137635e-05,2.7250111962170053e-05,4.5e-05
27.54,3.8598222723802385e-05,2.6171914321231585e-05,4.6e-05
27.599999999999998,3.703412305982797e-05,2.5135303657275718e-05,3.5e-05
27.66,3.553205838979334e-05,2.4138724091740843e-05,3.4e-05
27.72,3.408962929499481e-05,2.3180675813495275e-05,3e-05
27.779999999999998,3.270452642266596e-05,2.22597131529292e-05,2.5e-05
27.84,3.137452722723305e-05,2.137444271805336e-05,2.9e-05
27.9,3.009749282408547e-05,2.0523521590789555e-05,3.3e-05
27.959999999999997,2.8871364952212607e-05,1.9705655581683136e-05,3.1e-05
28.02,2.769416304216838e-05,1.8919597541313314e-05,3.2e-05
28.08,2.6563981385928075e-05,1.8164145726719287e-05,2.7e-05
28.14,2.5478986405304157e-05,1.7438142221202854e-05,2.9e-05
28.2,2.443741401569032e-05,1.6740471405911972e-05,2.9e-05
28.259999999999998,2.3437567081996378e-05,1.607005848164828e-05,2.3e-05
28.32,2.2477812963734978e-05,1.542586803938467e-05,1.3e-05
28.38,2.155658114631102e-05,1.4806902678017066e-05,1.8e-05
28.439999999999998,2.067236095565474e-05,1.421220166791365e-05,2.5e-05
28.5,1.9823699353428053e-05,1.3640839658864e-05,1.7e-05
28.56,1.9009198810117634e-05,1.3091925431066928e-05,1.9e-05
28.619999999999997,1.822751525341062e-05,1.2564600687832517e-05,1.3e-05
28.68,1.7477356089331062e-05,1.2058038888710717e-05,1e-05
28.74,1.6757478293691808e-05,1.1571444121792975e-05,1.9e-05
28.799999999999997,1.6066686571493185e-05,1.1104050013967925e-05,1.5e-05
28.86,1.540383158197448e-05,1.0655118677946524e-05,1.5e-05
28.919999999999998,1.4767808227095626e-05,1.022393969490416e-05,1.2e-05
28.98,1.4157554001296039e-05,9.809829131619497e-06,1.5e-05
29.04,1.3572047400447001e-05,9.4121285910221e-06,1.1e-05
29.099999999999998,1.301030638797821e-05,9.03020429509034e-06,1.4e-05
29.16,1.2471386916224967e-05,8.6634461990724e-06,1.4e-05
29.22,1.195438150110381e-05,8.311267136031717e-06,8e-06
29.279999999999998,1.1458417848285023e-05,7.973101990746926e-06,9e-06
29.34,1.0982657529090004e-05,7.648406902024956e-06,9e-06
29.4,1.0526294704397862e-05,7.336658492512515e-06,8e-06
29.459999999999997,1.0088554894900984e-05,7.037353125118094e-06,6e-06
29.52,9.668693796103938e-06,6.7500061851828884e-06,9e-06
29.58,9.265996136511526e-06,6.474151387564086e-06,1.1e-05
29.64,8.879774577502538e-06,6.209340107818532e-06,9e-06
29.7,8.50936865343568e-06,5.955140736699589e-06,1e-05
29.759999999999998,8.154143750580714e-06,5.711138057202541e-06,9e-06
29.82,7.813490123515152e-06,5.47693264341766e-06,7e-06
29.88,7.4868219476712644e-06,5.252140280471831e-06,4e-06
29.939999999999998,7.173576406761326e-06,5.036391404861396e-06,7e-06
30.0,6.873212813852205e-06,4.829330564500377e-06,1.2e-05
