Time inv,EXP m = 3 inv,VAR m = 3 inv,EXP m = 5 inv,VAR m = 5 inv,EXP m = 8 inv,VAR m = 8 inv,Time sim,EXP m = 3 sim,VAR m = 3 sim,EXP m = 5 sim,VAR m = 5 sim,EXP m = 8 sim,VAR m = 8 sim
0.0,0.0,0.0,0.0,0.0,0.0,0.0,0.0,0.0,0.0,0.0,0.0,0.0,0.0
0.1,0.42363674090214865,2.2726211754203063,0.5619922630124137,3.7004698079382496,0.7843126882825331,5.746013982950866,0.1,0.4325378780822043,2.4221616922859583,0.5549171838261417,3.6119265293175276,0.8058662756922895,5.999473366185377
0.2,0.702346479565584,4.3144520117482275,0.974844440268388,6.916216610180346,1.3838933936743771,10.54466738766924,0.2,0.7116424630464544,4.475589556364291,0.964413339870404,6.852966867634702,1.4025771600399697,10.676327015309164
0.30000000000000004,0.949886299700271,6.168373675637536,1.3389652990140135,9.7706080300003,1.895147418229982,14.736071409350044,0.30000000000000004,0.9617115847019748,6.3042359227479405,1.3239204039546695,9.651942809799477,1.905448547771897,14.812058333140163
0.4,1.175627753700681,7.863845238478479,1.6649899951944676,12.347826854286712,2.341156544144482,18.5061023497359,0.4,1.1946937607788213,8.134318857801558,1.6483418579567053,12.259849663569806,2.3251217013611716,18.232292284113747
0.5,1.3835782170894078,9.424529855071206,1.9598309806990528,14.706148942534398,2.7372408876595813,21.96150716116478,0.5,1.4084579023852393,9.679687629975868,1.9555411886063443,14.77911553589685,2.7218326460236795,21.667631081665238
0.6000000000000001,1.5762604398369078,10.869632928785125,2.228691736644997,16.886348971519777,3.093903351317678,25.167916401380346,0.6000000000000001,1.6124117707866215,11.181468994501465,2.220484520793842,16.98134150338174,3.0896181939477105,24.91927779103808
0.7000000000000001,1.755563748753083,12.214736023368564,2.4756049611879263,18.917625398190047,3.4185701076709876,28.168482739077533,0.7000000000000001,1.8002948426319776,12.59471155273192,2.4622488932530886,19.001568607519538,3.4206260384516756,27.982641752518262
0.8,1.9230151832590536,13.472486979347519,2.703740515792447,20.821477242587953,3.716656799314123,30.99332407218173,0.8,1.9750112835940383,13.935781808263005,2.6849723465419895,20.801468368993596,3.7186432320664364,30.712154476711273
0.9,2.079891185930073,14.653189914722242,2.91562159871566,22.6141918118739,3.992228672038877,33.664547510796,0.9,2.131485155338074,15.042347681824717,2.8885514072803997,22.482055086857198,3.99515480774342,33.329924009051496
1.0,2.227275972608851,15.765297043394746,3.113282206464504,24.308446607643305,4.248417550792823,36.19906764686379,1.0,2.270031897685864,16.033654439399438,3.0747282259381,23.874999521116987,4.255272638570816,36.10795452214444
1.1,2.3660989022112915,16.81580576481403,3.298382629393757,25.914356113507807,4.487691944431262,38.610270997598576,1.1,2.39886444942697,16.91012068107231,3.2514238438399303,25.415217827254292,4.5018691585140855,38.54122139233993
1.2000000000000002,2.497161833619913,17.810571004012132,3.4722945791696986,27.44016993723811,4.712036732451793,40.90904714948782,1.2000000000000002,2.530600853050789,17.826764176503566,3.42942642891054,26.931237293558738,4.727785233266868,40.82500495979498
1.3,2.6211605845698642,18.754546530776135,3.6361643848981373,28.89274911767084,4.923075863738944,43.104456026509,1.3,2.6535118856067412,18.783941731366635,3.601635618233343,28.432848758946903,4.94051870057061,42.95583370361016
1.4000000000000001,2.7387022623691024,19.651969543651546,3.7909603383617707,30.27789849529953,5.122158250651495,45.204176790401206,1.4000000000000001,2.767852574086357,19.69966445705238,3.7637181882152224,29.81972442778606,5.144684534994621,45.16123541848752
1.5,2.8503194090119166,20.506501441951748,3.9375085267825796,31.600603575462067,5.310419284956652,47.214820619853896,1.5,2.8778244969184277,20.54664772931238,3.9078137510103734,31.04443718486467,5.340830209847306,47.26632124626842
1.6,2.9564815849219315,21.321335500071996,4.076520237137288,32.86520255779918,5.488825846596569,49.142155170424445,1.6,2.9869258649982475,21.330153554805417,4.046379748483093,32.30816615287975,5.52919507874284,49.40008377515354
1.7000000000000002,3.0576048714896444,22.099279869823548,4.208613128225636,34.0755134357764,5.658209849277512,50.99127014593581,1.7000000000000002,3.0941527904605333,22.18644546911467,4.1830906290980305,33.576331479724026,5.710953406910556,51.42879355118326
1.8,3.154059685710294,22.84282227976798,4.334327748428635,35.23492938194781,5.8192937068261585,52.7667016622088,1.8,3.197608546658467,23.004856985554486,4.3127940892625505,34.75379502872484,5.86844283470046,53.07214929535291
1.9000000000000001,3.246177227591886,23.554181150897083,4.45414054233855,36.34649143218313,5.972709928615529,54.472527933660054,1.9000000000000001,3.2925736430502193,23.754274134060378,4.433690160403319,35.86008185329099,6.021227688126034,54.91437149676768
2.0,3.334254828127442,24.23534654626102,4.568474185290896,37.41294469740353,6.119016436421191,56.11244351297424,2.0,3.3860913151408254,24.41707854122003,4.54451996230087,36.8703079957029,6.172903871963287,56.53543375038342
2.1,3.4185604096590936,24.8881134360063,4.677705864490704,38.43678251821464,6.258708682395422,57.68981766319762,2.1,3.47491767705834,25.142227285388035,4.653660333371259,37.94485613831485,6.3130530556509,58.181607996349456
2.2,3.499336232711613,25.514109038609135,4.78217397469956,39.42028165655346,6.392229310765572,59.2077413187419,2.2,3.5579950987529405,25.747637863597774,4.764487048423659,39.03918595314114,6.4495440393768835,59.852882733154715
2.3000000000000003,3.5768020627496497,26.114815558561993,4.882183576439417,40.36553080298319,6.519975975658696,60.669064609604185,2.3000000000000003,3.6349603911083492,26.38709287107116,4.860677259673957,39.95309651005873,6.5842326293874285,61.33837847680825
2.4000000000000004,3.651157866988555,26.691589227596186,4.978010882170707,41.2744540116356,6.642307717526393,62.07642729040322,2.4000000000000004,3.716036785180246,27.054913951740446,4.9513044663574854,40.80237352610727,6.696694901144709,62.67783458992104
2.5,3.7225861232864617,27.245676387231555,5.069906978158343,42.14883020502471,6.759550196968689,63.43228384418791,2.5,3.7919636323789656,27.594688131463137,5.0387191683756,41.560972305186915,6.817715175710218,64.15784026716418
2.6,3.7912538107253937,27.778227113563204,5.158100932153502,42.99030967374597,6.871999998245059,64.73892491935906,2.6,3.863200441103217,28.12579720107791,5.125013925146629,42.38291729275042,6.929379065650984,65.34202271510543
2.7,3.8573141326675824,28.290306821609256,5.242802417404647,43.80042807695796,6.979928284392912,65.99849413874189,2.7,3.9268391125089814,28.688034921339167,5.2117847910778154,43.15218496178993,7.039078558146387,66.60085485263002
2.8000000000000003,3.9209080166756536,28.782906156274706,5.324203934599183,44.580618581177745,7.083583798058186,67.21300372889598,2.8000000000000003,3.988318742761629,29.13340216787992,5.2923369256188595,43.941473292994274,7.142547456373963,67.90006411641309
2.9000000000000004,3.982165423354772,29.2569494557967,5.402482717802059,45.3322222869969,7.1831954471996085,68.384346976514,2.9000000000000004,4.048377261394969,29.60290749387742,5.3731763346325945,44.70760630529713,7.243014756750537,69.06558437537512
3.0,4.0412064931743,29.713301986947087,5.477802371638717,46.05649739409267,7.278974566447488,69.5143079238198,3.0,4.106315045131438,30.04731590368955,5.448560293129419,45.380203558349166,7.338606418847922,70.21142160231398
3.1,4.098142554455663,30.152776146896482,5.550314290495123,46.75462719258984,7.3711166381012845,70.60457404238348,3.1,4.163902209727805,30.52290874368292,5.5235870607098025,46.078769149973645,7.431452592977105,71.22692646928911
3.2,4.1530770095316,30.576136782399555,5.620158897856243,47.42772703887992,7.459803075137302,71.65674152046147,3.2,4.2138377901971085,30.94435682702015,5.587936815557496,46.721028299295774,7.518812350658892,72.2591055311743
3.3000000000000003,4.206106117479564,30.984105752605867,5.687466725952277,48.07685056316375,7.545202577661058,72.67232364982479,3.3000000000000003,4.265684752194384,31.34661469930754,5.6598667011095625,47.49835073086378,7.598885583331394,73.09943652698473
3.4000000000000004,4.257319684507152,31.37736585959099,5.7523593723001625,48.702995039226096,7.627472299985925,73.65275870171538,3.4000000000000004,4.315776749760976,31.760605480961097,5.720666229193538,48.10630415002594,7.676972826025666,74.03227587899335
3.5,4.306801674908186,31.756564238452793,5.814950331709298,49.30710630110088,7.706759039114928,74.59941353369112,3.5,4.362384454934266,32.0969646435737,5.778659848010511,48.63046724885609,7.753497877516048,74.92679241548325
3.6,4.354630753103322,32.122315266621015,5.8753457513835485,49.890082798772,7.783200039771515,75.51359181661743,3.6,4.414474294500591,32.541860199742096,5.840863102477857,49.27611054503598,7.832470329263235,75.94873083696015
3.7,4.400880762123606,32.47520311752349,5.933645081454813,50.452779487885344,7.856924061182639,76.3965339587374,3.7,4.463828652292599,32.88825719520584,5.894687914785519,49.811343051503414,7.907843807832953,76.76693284689206
3.8000000000000003,4.445621151149581,32.81578394340298,5.989941669575728,50.99601103728229,7.928051777559347,77.2494286989477,3.8000000000000003,4.504087024220316,33.19031419104438,5.948668117843183,50.37932535594118,7.985325665864409,77.75282465230381
3.9000000000000004,4.488917352421268,33.144587828252725,6.044323285939441,51.520554740104174,7.996696915925497,78.07340687579105,3.9000000000000004,4.548121972599714,33.54036069592347,6.003006352876354,50.95919153511971,8.056906577107426,78.6848844470341
4.0,4.53083111970939,33.46212045647063,6.096872585379941,52.02715323819916,8.062966365374365,78.8695550735346,4.0,4.590244156666629,33.865702474550346,6.0565865049619045,51.5684872908448,8.125388924883147,79.42227851285637
4.1000000000000005,4.571420827170073,33.76886462324738,6.147667539785914,52.51651658911352,8.126960967015577,79.63891341371605,4.1000000000000005,4.631195655192852,34.15925598849765,6.105896943417603,51.97225917699124,8.189859176130689,80.2177211818729
4.2,4.610741737814678,34.06528155762766,6.196781804266124,52.989324528964595,8.188776019862416,80.38247778098123,4.2,4.67040276675053,34.4551421973255,6.155041237608764,52.4548539375314,8.253124127898928,80.96474833600269
4.3,4.648846242941417,34.35181210968925,6.2442850568681365,53.44622824838693,8.248501716124167,81.10120193846059,4.3,4.706700556544691,34.73828419026426,6.202284236866495,52.879588321108,8.311224622081449,81.66064076895704
4.4,4.685784075894645,34.6288778310947,6.290243312751954,53.88785188546878,8.306223299565033,81.7960052814882,4.4,4.743398623398855,35.0521291680482,6.2412564938556585,53.25049955050008,8.364850672611972,82.31147906660367
4.5,4.721602504747736,34.896881934413614,6.334719186258923,54.314794188115016,8.362021649211016,82.46776975325838,4.5,4.779410432424417,35.30241241809419,6.28608758551127,53.64926724448653,8.418302177864328,82.98684917578632
4.6000000000000005,4.756346503798781,35.15621020390617,6.377772147439174,54.727629697408375,8.415973435280932,83.11734527902868,4.6000000000000005,4.815577250357961,35.548610415505706,6.327911066884293,54.045971719918086,8.470680074616967,83.56319581385169
4.7,4.790058911071711,35.407231782663814,6.419458735285161,55.126910124862384,8.468151909193864,83.74554029011678,4.7,4.851073814898172,35.85294144736791,6.3669368969173465,54.45574023656866,8.523482359551657,84.18430855036651
4.800000000000001,4.822780566475743,35.65029995742417,6.459832774973421,55.51316518169281,8.518626109525314,84.3531472452814,4.800000000000001,4.881921773191253,36.02269080851021,6.411989450916509,54.91850657240468,8.574032724778206,84.73730664042175
4.9,4.854550440035993,35.88575284666891,6.4989455477853255,55.886903811590564,8.567462515257176,84.94091197723871,4.9,4.916523114085756,36.24177765362724,6.4507792812193765,55.34156045430681,8.627614400940788,85.44874826852016
5.0,4.885405746523418,36.11391406860878,6.536845962854102,56.24861502793272,8.614723870502786,85.50956669824177,5.0,4.9470479379154,36.42760211540514,6.487943562989441,55.68934964019399,8.674332463721683,86.03296911848089
5.1000000000000005,4.915382050379549,36.33509336183421,6.57358070527647,56.598768806893396,8.660470206257827,86.05981271654915,5.1000000000000005,4.976019609071716,36.63125666302817,6.5298293991965854,56.09095686685346,8.717661341080547,86.48564574102546
5.2,4.94451336073638,36.54958717410116,6.609194381671671,56.93781674683817,8.704759267731305,86.59231533521283,5.2,5.00534891634652,36.88729201907411,6.563847978868692,56.481071460905625,8.758639454024207,87.00992403587772
5.300000000000001,4.972832218681404,36.757679222845226,6.643729634469224,57.26619300213087,8.747645159575768,87.10774117025666,5.300000000000001,5.032737042109094,37.093464917433074,6.5944585852459765,56.79870203064956,8.802703530980217,87.55649755920945
5.4,5.000369778195136,36.959641012973655,6.677227264279537,57.58431485032212,8.789180963531749,87.60670041207872,5.4,5.062001059783075,37.2855775939183,6.630952643693185,57.12615110923004,8.84651288213402,88.06114187756145
5.5,5.027155878362549,37.15573236590173,6.709726334115828,57.892583354052064,8.829416699809315,88.0897998198836,5.5,5.085541333467225,37.44252882583258,6.660369904095284,57.43890822357459,8.890268884778823,88.61040349088775
5.6000000000000005,5.053219112064028,37.3462018819821,6.741264262009736,58.19138405794356,8.868400642009789,88.55761513474594,5.6000000000000005,5.110277597641337,37.602160639999354,6.694813288371059,57.81689300750567,8.931458588449619,89.14521196100506
5.7,5.078586888505583,37.53128742481255,6.771876913364537,58.48108750216381,8.90617793923758,89.01072778864292,5.7,5.13476596860084,37.7354522169813,6.722804868363165,58.037669282371624,8.970182943102632,89.56052244904642
5.800000000000001,5.10328549077235,37.7112165593914,6.801598676452613,58.76204991728588,8.9427939603124,89.44964807381655,5.800000000000001,5.156525461445571,37.86396035456027,6.752228777421351,58.28293850727295,9.004195404721166,89.90605690322836
5.9,5.127340131211952,37.886206968247095,6.8304625540437485,59.0346134291363,8.978290135403029,89.87491829837968,5.9,5.182808286630369,38.052287590901685,6.783038671408085,58.57186485426849,9.04164481745375,90.37230036358591
6.0,5.150775000994685,38.05646688304949,6.858500211653336,59.29910701165376,9.012706983865883,90.28704283000147,6.0,5.201200574674689,38.18340803726876,6.811264830795529,58.84121830120764,9.074624515072951,90.83034141071435
6.1000000000000005,5.173613316650631,38.22219547658142,6.885742054177342,59.5558467414642,9.046084088509843,90.68649137628333,6.1000000000000005,5.2261392525753205,38.36822319033986,6.837919038931321,59.09387117462301,9.107454195198057,91.16383533057169
6.2,5.195877365369256,38.38358323146271,6.912217284111193,59.805136314098974,9.078459134454192,91.07372420508158,6.2,5.248702251561467,38.52950567689217,6.862847305997206,59.38809971863396,9.138338320299443,91.58938017484047
6.300000000000001,5.217588545873639,38.540812315877375,6.9379539661782985,60.04726734538335,9.109867583434209,91.44920420240544,6.300000000000001,5.271306725970687,38.68991976975286,6.890082134748865,59.62411288355891,9.172762064586475,91.97608791271665
6.4,5.238767407428583,38.69405694209729,6.962979057950349,60.282520230520035,9.140344064958384,91.81336411661657,6.4,5.295067368932148,38.870187961226534,6.911769934006867,59.81672315875777,9.200096885734627,92.33500894924161
6.5,5.25943368697375,38.843483686201274,6.987318483572466,60.51116409752316,9.169922412649726,92.16660650213551,6.5,5.315098947254394,39.020330775925046,6.934154966051958,60.06362898326612,9.228197281578232,92.6993967890967
6.6000000000000005,5.27960634307604,38.98925183833596,7.0109971671108156,60.733457457262894,9.19863364096102,92.50935918365319,6.6000000000000005,5.333373316724251,39.13648195602327,6.956725911253687,60.293959171074725,9.254940323396369,93.02277333040347
6.7,5.299303590183854,39.131513697230545,7.034039075438642,60.949648622901236,9.226509454285917,92.84198594217237,6.7,5.353905604442333,39.27990115313577,6.977024790134115,60.483780329153,9.280600127208974,93.3523275829788
6.800000000000001,5.318542927832311,39.27041488948852,7.05646725468435,61.15997618022719,9.253579322398394,93.1648645043607,6.800000000000001,5.372473298177141,39.42889703517403,6.997625797398266,60.661643931397556,9.305770486749262,93.65359950485356
6.9,5.33734117290939,39.406094629612745,7.078303887860244,61.364668960761364,9.27987192474896,93.47835067003848,6.9,5.391962716665988,39.596115259550594,7.019931790428496,60.85134792623104,9.330814904552502,94.02453490690792
7.0,5.355714484758522,39.538686043099624,7.099570316065439,61.56394672865947,9.305412839660619,93.78283909307522,7.0,5.410282935766064,39.73470858517249,7.040428603683338,61.02425854431189,9.355706160045715,94.34165463998997
7.1000000000000005,5.373678395235231,39.6683163849943,7.120287058766962,61.75802079883374,9.33023201783908,94.07857336876633,7.1000000000000005,5.4279457181729915,39.87730270048654,7.0605650025408675,61.226567968391535,9.383431733841544,94.69499294780157
7.2,5.3912478311348195,39.79510733621484,7.140473893849531,61.94709341349562,9.354353785115165,94.36590468417494,7.2,5.4448750381871776,39.984408386304715,7.0807552449293905,61.39116061735717,9.405592608374594,94.95297764895594
7.300000000000001,5.408437140735884,39.91917522919953,7.1601498224922295,62.131359428145736,9.377800577730227,94.64519594143196,7.300000000000001,5.463636771247815,40.12247174087438,7.099915846529596,61.55234618997199,9.430855241435182,95.28833294204544
7.4,5.425260116997464,40.04063127470029,7.179333163739074,62.31100527389406,9.40059667845017,94.91673038693943,7.4,5.479944689146696,40.24270328342259,7.118446402007628,61.76691041069738,9.451714356741018,95.57519526853771
7.5,5.4417300183203,40.15958181586777,7.198041528361188,62.48621038309377,9.4227662199049,95.18075803277677,7.5,5.496613782386901,40.34987071021801,7.135008373429706,61.9414765885434,9.47382976352365,95.83091358678828
7.6000000000000005,5.457859590977108,40.27612853028346,7.216291902012642,62.657146334480466,9.444333294251038,95.43750020452961,7.6000000000000005,5.51335208921007,40.47144537078501,7.155112856174158,62.116108405725335,9.493586231626736,96.0481758797699
7.7,5.473661088907733,40.39036863420431,7.2341006001339565,62.823978562439414,9.465312580254817,95.68739224524734,7.7,5.528534298120729,40.57776069305026,7.171943843917713,62.2344136083181,9.514557009823971,96.25781154601853
7.800000000000001,5.4891462942462965,40.50239508090631,7.251483346457007,62.98686553562669,9.485728486384346,95.93058523148457,7.800000000000001,5.544354039253709,40.70478343524623,7.190238318181116,62.415339285621215,9.534383956899894,96.46163622743595
7.9,5.504326535303079,40.612296756875494,7.268455304113644,63.14595886207639,9.50560637242802,96.16717467303852,7.9,5.560367660070797,40.84567245373237,7.20819689165798,62.571839249288736,9.552035527798205,96.64489869706564
8.0,5.5192127041310926,40.72015865948548,7.2850310295837915,63.30140493917331,9.52494989657228,96.39780222073746,8.0,5.5744176531343,40.94585121221775,7.224776848672506,62.722044995835084,9.572328283054363,96.89865059403327
8.1,5.53381527425023,40.82606208327049,7.301224588334065,63.45334326906863,9.543799190294635,96.62211866896749,8.1,5.587343036205378,41.03378137891009,7.2397685320276866,62.847371568434525,9.59064698444902,97.08687465022615
8.200000000000001,5.548144316941745,40.93008476638227,7.317049477973114,63.60190868961222,9.562148890393388,96.84094780207135,8.200000000000001,5.6008531462708575,41.12785829487309,7.254421296377999,62.98147153051704,9.607267930754682,97.22057675375054
8.3,5.562209516681207,41.03230107108015,7.332518732436199,63.74722986253696,9.580032547291182,97.05407043072219,8.3,5.6139676315508185,41.228113266166744,7.26976570156362,63.113638156324846,9.627830924325076,97.43782444368073
8.4,5.576020187660333,41.1327821164938,7.347644890595603,63.88943053390477,9.597457004457027,97.26193579277115,8.4,5.629262066371692,41.330091624820454,7.284365571248277,63.2608824118126,9.645875090053256,97.66321488887748
8.5,5.589585286926081,41.23159592991393,7.362440032864782,64.02862935455016,9.614445110735403,97.46455327326687,8.5,5.642363896237634,41.41255246207341,7.2979690977401175,63.395083853812146,9.663797597706113,97.82812383136209
8.6,5.602913428663612,41.328807603464895,7.376915779750362,64.16494047564166,9.631015578733468,97.66201798742122,8.6,5.654879095781748,41.494471522051356,7.311455539720048,63.5363561373624,9.679602374396586,97.98746013794671
8.700000000000001,5.616012898164598,41.42447940208022,7.39108332903902,64.29847332689073,9.64715521722161,97.85526025686539,8.700000000000001,5.668112612519993,41.595597527491165,7.325288139441398,63.67555727744247,9.696934223534832,98.19449809361308
8.8,5.628891664416528,41.51867089872219,7.404953498983417,64.4293322232966,9.662914491149877,98.04347749921962,8.8,5.681076380695027,41.716978896904074,7.337393469149951,63.783730534567596,9.714080538859413,98.40838543153518
8.9,5.641557392350592,41.6114391072896,7.418536665880453,64.55761817651818,9.678286289504058,98.22740678493585,8.9,5.692837290165639,41.831505533035546,7.349946814938051,63.89755156449309,9.728693600075985,98.58009944944997
9.0,5.654017454567821,41.70283859009488,7.431842828992899,64.68342802943337,9.693295864592812,98.40686870274719,9.0,5.70523797500711,41.94408076441864,7.362097500842461,64.03118893612239,9.742930580945645,98.76939095736888
9.1,5.6662789435080185,41.79292155424182,7.4448816206522395,64.80685469911907,9.707949988437719,98.58218396841065,9.1,5.717025115586236,42.02767389706975,7.3752650128319335,64.1735572689439,9.758216646061163,98.9382549923547
9.200000000000001,5.678348681693109,41.881737985241244,7.457662353767887,64.92798663160642,9.72226805532162,98.75331088968753,9.200000000000001,5.72925835342406,42.12128997967453,7.387557777079475,64.27074937684792,9.771825751795701,99.10179796560277
9.3,5.690233233192174,41.9693357167904,7.470193967117154,65.04690938163392,9.736234232515443,98.92114234527183,9.3,5.741092032143153,42.21183627062805,7.400070131406861,64.38746781529025,9.78503540908433,99.25778680628929
9.4,5.701938912624115,42.05576055493762,7.482485077407688,65.16370493403663,9.749891737201011,99.08494560004648,9.4,5.752357963542248,42.290792965026746,7.410918113050985,64.4889220024994,9.797944642407463,99.37969002373383
9.5,5.71347179507373,42.14105635792333,7.494543959102259,65.27845252984694,9.763233353451824,99.24536719988463,9.5,5.762853929754394,42.36008226418567,7.422285882467146,64.60356514890594,9.809724910573854,99.51373358396404
9.600000000000001,5.724837727233933,42.22526510411091,7.506378622608253,65.39122738742368,9.776263296887066,99.4026878177188,9.600000000000001,5.774009774143501,42.44348048954913,7.43342971564231,64.69537133062136,9.823188085359263,99.64480685044339
9.700000000000001,5.73604233195735,42.30842704175567,7.517996775123976,65.5021019367999,9.789054125778023,99.55535713201662,9.700000000000001,5.785728975317082,42.529999223213395,7.444821352045265,64.81512375826215,9.835957649863447,99.78726354214855
9.8,5.74709102455509,42.39058064250871,7.52940587678259,65.61114492420239,9.801515543120615,99.70619062808673,9.8,5.795538246240359,42.59795259817585,7.4557727704732315,64.90077115065456,9.848991239962464,99.92948326952825
9.9,5.7579890119834545,42.471762833353914,7.540612979304768,65.7184252367187,9.813747396493454,99.85286645834364,9.9,5.806091691432216,42.66948496889997,7.467982735089428,65.0257698933568,9.861338844038565,100.07379549831298
10.0,5.768741306916752,42.55200896312007,7.551625035333473,65.82400563400455,9.825686095523992,99.9974733290463,10.0,5.816064097238434,42.74790686204179,7.478171807230214,65.11979343343606,9.873614753522876,100.2092149915072
