Time,Path Value,Maximum Value
0.0,0.0,0.0
0.01,-0.1078231741784454,0.03356426756934581
0.02,-0.14837601023760746,0.03356426756934581
0.03,-0.3064326590290978,0.03356426756934581
0.04,-0.35032101779075736,0.03356426756934581
0.05,-0.3357093182794334,0.03356426756934581
0.06,-0.4098456219154577,0.03356426756934581
0.07,-0.3809603956025623,0.03356426756934581
0.08,-0.5253027195339386,0.03356426756934581
0.09,-0.6989809966230396,0.03356426756934581
0.1,-0.6930583699993692,0.03356426756934581
0.11,-0.862221540491894,0.03356426756934581
0.12,-1.0262995559468535,0.03356426756934581
0.13,-1.0335489886238551,0.03356426756934581
0.14,-1.1568392658553672,0.03356426756934581
0.15,-1.1991227866217022,0.03356426756934581
0.16,-1.2491246562652012,0.03356426756934581
0.17,-1.140535214451053,0.03356426756934581
0.18,-1.1609981470487953,0.03356426756934581
0.19,-1.2458538318568764,0.03356426756934581
0.2,-1.2067175692665428,0.03356426756934581
0.21,-1.2645524523298417,0.03356426756934581
0.22,-1.5095979438706906,0.03356426756934581
0.23,-1.603036548661313,0.03356426756934581
0.24,-1.714185203765876,0.03356426756934581
0.25,-1.735659926640002,0.03356426756934581
0.26,-1.6481657041377318,0.03356426756934581
0.27,-1.8344347142697672,0.03356426756934581
0.28,-1.8560552333759728,0.03356426756934581
0.29,-1.9009371167257296,0.03356426756934581
0.3,-1.8526320520779276,0.03356426756934581
0.31,-2.0131233886849573,0.03356426756934581
0.32,-2.065443601254321,0.03356426756934581
0.33,-2.152405531568605,0.03356426756934581
0.34,-2.2022070195005004,0.03356426756934581
0.35000000000000003,-2.2249073190911237,0.03356426756934581
0.36,-2.360448155780822,0.03356426756934581
0.37,-2.4224835749647626,0.03356426756934581
0.38,-2.452686836491475,0.03356426756934581
0.39,-2.519617344590301,0.03356426756934581
0.4,-2.5601218108154913,0.03356426756934581
0.41000000000000003,-2.769897728875023,0.03356426756934581
0.42,-3.014018439054593,0.03356426756934581
0.43,-3.0059702278511127,0.03356426756934581
0.44,-2.974596597411162,0.03356426756934581
0.45,-3.089954311332156,0.03356426756934581
0.46,-3.134009782019403,0.03356426756934581
0.47000000000000003,-3.2320474089988274,0.03356426756934581
0.48,-3.2483908550258866,0.03356426756934581
0.49,-3.441864934708092,0.03356426756934581
0.5,-3.412737676293082,0.03356426756934581
0.51,-3.445678653021029,0.03356426756934581
0.52,-3.4308988248828607,0.03356426756934581
0.53,-3.3961960273618823,0.03356426756934581
0.54,-3.4651691098593362,0.03356426756934581
0.55,-3.4049157825419765,0.03356426756934581
0.56,-3.4320084765274945,0.03356426756934581
0.5700000000000001,-3.522096169162534,0.03356426756934581
0.58,-3.604393005361556,0.03356426756934581
0.59,-3.5499876504588337,0.03356426756934581
0.6,-3.637685489306022,0.03356426756934581
0.61,-3.677107299620605,0.03356426756934581
0.62,-3.552698246414115,0.03356426756934581
0.63,-3.5116788326329895,0.03356426756934581
0.64,-3.4313597842597745,0.03356426756934581
0.65,-3.589923385048496,0.03356426756934581
0.66,-3.6741544179740813,0.03356426756934581
0.67,-3.7497296464014847,0.03356426756934581
0.68,-3.830240231885859,0.03356426756934581
0.6900000000000001,-3.9888946586385856,0.03356426756934581
0.7000000000000001,-4.1236551125734895,0.03356426756934581
0.71,-4.0944290349288455,0.03356426756934581
0.72,-4.095557738821233,0.03356426756934581
0.73,-4.046532594137548,0.03356426756934581
0.74,-3.975857943148606,0.03356426756934581
0.75,-4.025133427766714,0.03356426756934581
0.76,-3.9948488583767983,0.03356426756934581
0.77,-4.0839510517722175,0.03356426756934581
0.78,-4.179989583169288,0.03356426756934581
0.79,-4.095513214393476,0.03356426756934581
0.8,-4.282637758358243,0.03356426756934581
0.81,-4.327352099372358,0.03356426756934581
0.8200000000000001,-4.224976187274363,0.03356426756934581
0.8300000000000001,-4.4331533998725,0.03356426756934581
0.84,-4.39729859305114,0.03356426756934581
0.85,-4.371475110556537,0.03356426756934581
0.86,-4.495018772010246,0.03356426756934581
0.87,-4.523281824264748,0.03356426756934581
0.88,-4.501880119439785,0.03356426756934581
0.89,-4.543982333997612,0.03356426756934581
0.9,-4.602554501724674,0.03356426756934581
0.91,-4.607019285778103,0.03356426756934581
0.92,-4.6562504501132285,0.03356426756934581
0.93,-4.693841839716336,0.03356426756934581
0.9400000000000001,-4.774207559366668,0.03356426756934581
0.9500000000000001,-4.871745923460092,0.03356426756934581
0.96,-4.974424583937424,0.03356426756934581
0.97,-4.927442487809099,0.03356426756934581
0.98,-5.0844283032245485,0.03356426756934581
0.99,-5.240281768771949,0.03356426756934581
1.0,-5.299412983089365,0.03356426756934581
1.01,-5.242709922680766,0.03356426756934581
1.02,-5.487448675157185,0.03356426756934581
1.03,-5.381563548840783,0.03356426756934581
1.04,-5.4001827830479305,0.03356426756934581
1.05,-5.398817353228884,0.03356426756934581
1.06,-5.203389691698064,0.03356426756934581
1.07,-5.365119385304469,0.03356426756934581
1.08,-5.371169034686879,0.03356426756934581
1.09,-5.4865421088952075,0.03356426756934581
1.1,-5.651226572468787,0.03356426756934581
1.11,-5.689589517127751,0.03356426756934581
1.12,-5.841149571145384,0.03356426756934581
1.1300000000000001,-6.022416986550007,0.03356426756934581
1.1400000000000001,-5.983415004166187,0.03356426756934581
1.1500000000000001,-5.997779924570102,0.03356426756934581
1.16,-6.067242882146493,0.03356426756934581
1.17,-6.225495988921995,0.03356426756934581
1.18,-6.190624417136014,0.03356426756934581
1.19,-1.7810748396560285,0.03356426756934581
1.2,-1.6873425278665306,0.03356426756934581
1.21,-1.9307560253684009,0.03356426756934581
1.22,-1.8949919382938276,0.03356426756934581
1.23,-2.1408473066817044,0.03356426756934581
1.24,-2.1135555390671756,0.03356426756934581
1.25,-2.075337401775567,0.03356426756934581
1.26,-1.8775563788165113,0.03356426756934581
1.27,-1.9859870298828466,0.03356426756934581
1.28,-1.9807848874279277,0.03356426756934581
1.29,-2.1370306007635573,0.03356426756934581
1.3,-2.0571593659233174,0.03356426756934581
1.31,-1.91130137691332,0.03356426756934581
1.32,-2.0409241179767434,0.03356426756934581
1.33,-2.170256571803525,0.03356426756934581
1.34,-2.0038815982057567,0.03356426756934581
1.35,-2.135734752771701,0.03356426756934581
1.36,-2.2453431877560672,0.03356426756934581
1.37,-2.173966478463701,0.03356426756934581
1.3800000000000001,-2.2339079627025806,0.03356426756934581
1.3900000000000001,-2.422253474198779,0.03356426756934581
1.4000000000000001,-2.5584086129514025,0.03356426756934581
1.41,-2.674510463307458,0.03356426756934581
1.42,-2.712747936258704,0.03356426756934581
1.43,-2.68641141428779,0.03356426756934581
1.44,-2.593764026259654,0.03356426756934581
1.45,-2.6099288339510873,0.03356426756934581
1.46,-2.6620556769692554,0.03356426756934581
1.47,-2.688014847595814,0.03356426756934581
1.48,-2.7953559280258378,0.03356426756934581
1.49,-2.874449849962815,0.03356426756934581
1.5,-2.7635305085045956,0.03356426756934581
1.51,-2.836438723912864,0.03356426756934581
1.52,-2.7166297366067425,0.03356426756934581
1.53,-2.770194645470844,0.03356426756934581
1.54,-2.96198794326944,0.03356426756934581
1.55,-2.9264296435050925,0.03356426756934581
1.56,-2.926858440031444,0.03356426756934581
1.57,-2.8400938334312755,0.03356426756934581
1.58,-2.9229530835986726,0.03356426756934581
1.59,-3.030232064099748,0.03356426756934581
1.6,-3.234882688842676,0.03356426756934581
1.61,-3.1512366858523353,0.03356426756934581
1.62,-3.189780755453287,0.03356426756934581
1.6300000000000001,-3.2874014182114215,0.03356426756934581
1.6400000000000001,-3.233215237902337,0.03356426756934581
1.6500000000000001,-3.3757172210603885,0.03356426756934581
1.6600000000000001,-3.5043938867042894,0.03356426756934581
1.67,-3.58910078787869,0.03356426756934581
1.68,-3.5700382004403646,0.03356426756934581
1.69,-3.749165738484491,0.03356426756934581
1.7,-3.8327890761193126,0.03356426756934581
1.71,-3.8971105767673175,0.03356426756934581
1.72,-4.016366870443334,0.03356426756934581
1.73,-4.008806747891869,0.03356426756934581
1.74,-4.085938622722411,0.03356426756934581
1.75,-4.071802626666305,0.03356426756934581
1.76,-4.125842480260899,0.03356426756934581
1.77,-4.178449581340989,0.03356426756934581
1.78,-4.136699613611687,0.03356426756934581
1.79,-4.296917118002139,0.03356426756934581
1.8,-4.25493519939659,0.03356426756934581
1.81,-4.237804310728584,0.03356426756934581
1.82,-4.3333849470876995,0.03356426756934581
1.83,-4.556508988151952,0.03356426756934581
1.84,-4.692972689289852,0.03356426756934581
1.85,-4.907847154923532,0.03356426756934581
1.86,-4.985368811834671,0.03356426756934581
1.87,-5.026383940611494,0.03356426756934581
1.8800000000000001,-5.031244599363899,0.03356426756934581
1.8900000000000001,-5.02303380168016,0.03356426756934581
1.9000000000000001,-5.085559911529517,0.03356426756934581
1.9100000000000001,-5.212454198457645,0.03356426756934581
1.92,-5.268442021329851,0.03356426756934581
1.93,-5.164605954587907,0.03356426756934581
1.94,-5.353357536427337,0.03356426756934581
1.95,-5.363203035041668,0.03356426756934581
1.96,-5.3638126973235645,0.03356426756934581
1.97,-5.15539137383302,0.03356426756934581
1.98,-5.192603877033585,0.03356426756934581
1.99,-5.302395411574919,0.03356426756934581
2.0,-5.5616350141336595,0.03356426756934581
2.0100000000000002,-5.615280552797564,0.03356426756934581
2.02,-5.736608597795583,0.03356426756934581
2.0300000000000002,-5.789242255045902,0.03356426756934581
2.04,-5.75874130626798,0.03356426756934581
2.05,-5.726512582943014,0.03356426756934581
2.06,-5.739570375917601,0.03356426756934581
2.07,-5.771135505790076,0.03356426756934581
2.08,-5.876562054374678,0.03356426756934581
2.09,-5.95477530578413,0.03356426756934581
2.1,-6.029614739050111,0.03356426756934581
2.11,-6.004769355285631,0.03356426756934581
2.12,-5.941201820082452,0.03356426756934581
2.13,-6.050137162270698,0.03356426756934581
2.14,-5.995985639203149,0.03356426756934581
2.15,-6.200178351341585,0.03356426756934581
2.16,-5.931016674552555,0.03356426756934581
2.17,-5.863788461542904,0.03356426756934581
2.18,-5.898678033403583,0.03356426756934581
2.19,-6.066672193046841,0.03356426756934581
2.2,-6.219176112858275,0.03356426756934581
2.21,-6.178097184255969,0.03356426756934581
2.22,-6.346399363452303,0.03356426756934581
2.23,-6.398231593638948,0.03356426756934581
2.24,-6.371768025721507,0.03356426756934581
2.25,-6.381197845234695,0.03356426756934581
2.2600000000000002,-6.4606426393195076,0.03356426756934581
2.27,-6.54055411496213,0.03356426756934581
2.2800000000000002,-6.581556293288184,0.03356426756934581
2.29,-6.590251258180165,0.03356426756934581
2.3000000000000003,-6.495542781577957,0.03356426756934581
2.31,-6.524171273055201,0.03356426756934581
2.32,-6.568024244897519,0.03356426756934581
2.33,-6.7152173424515995,0.03356426756934581
2.34,-6.789192158697503,0.03356426756934581
2.35,-6.8895503641239415,0.03356426756934581
2.36,-6.904803221392134,0.03356426756934581
2.37,-7.168327713202781,0.03356426756934581
2.38,-7.028647425816884,0.03356426756934581
2.39,-7.11424864916963,0.03356426756934581
2.4,-7.132836256297231,0.03356426756934581
2.41,-7.202735740674342,0.03356426756934581
2.42,-7.197321672531384,0.03356426756934581
2.43,-7.269531051224202,0.03356426756934581
2.44,-7.42463858614018,0.03356426756934581
2.45,-7.475197758494752,0.03356426756934581
2.46,-7.505341620172648,0.03356426756934581
2.47,-7.687143576539158,0.03356426756934581
2.48,-7.750361689182437,0.03356426756934581
2.49,-7.844421570225975,0.03356426756934581
2.5,-8.009597405359509,0.03356426756934581
2.5100000000000002,-8.054895196965134,0.03356426756934581
2.52,-8.280092534122511,0.03356426756934581
2.5300000000000002,-8.169050647389376,0.03356426756934581
2.54,-8.182759447924623,0.03356426756934581
2.5500000000000003,-8.362636314568956,0.03356426756934581
2.56,-8.300971070885444,0.03356426756934581
2.57,-8.378547278430405,0.03356426756934581
2.58,-8.485911176273884,0.03356426756934581
2.59,-8.581599178484042,0.03356426756934581
2.6,-8.338902307848068,0.03356426756934581
2.61,-8.417964375278057,0.03356426756934581
2.62,-8.25737881072439,0.03356426756934581
2.63,-8.348726764188047,0.03356426756934581
2.64,-8.38422570297755,0.03356426756934581
2.65,-8.21592125100973,0.03356426756934581
2.66,-8.189728414822909,0.03356426756934581
2.67,-8.21687106811928,0.03356426756934581
2.68,-8.14866141255643,0.03356426756934581
2.69,-8.209179701761366,0.03356426756934581
2.7,-8.075214392144536,0.03356426756934581
2.71,-8.170728953358934,0.03356426756934581
2.72,-8.16216049853096,0.03356426756934581
2.73,-8.207168049392205,0.03356426756934581
2.74,-8.257639600699981,0.03356426756934581
2.75,-8.260000019072816,0.03356426756934581
2.7600000000000002,-8.526228339908709,0.03356426756934581
2.77,-8.646810061568889,0.03356426756934581
2.7800000000000002,-8.6756317017013,0.03356426756934581
2.79,-8.580171158828326,0.03356426756934581
2.8000000000000003,-8.673111605477393,0.03356426756934581
2.81,-8.854087920114726,0.03356426756934581
2.82,-8.74942217304607,0.03356426756934581
2.83,-8.716333619506937,0.03356426756934581
2.84,-8.885481934221026,0.03356426756934581
2.85,-8.890260670148166,0.03356426756934581
2.86,-9.092943379019733,0.03356426756934581
2.87,-9.037642668894192,0.03356426756934581
2.88,-9.135475974324894,0.03356426756934581
2.89,-9.091684293468221,0.03356426756934581
2.9,-9.13665367928733,0.03356426756934581
2.91,-9.360609525237866,0.03356426756934581
2.92,-9.351902659448893,0.03356426756934581
2.93,-9.348264572364037,0.03356426756934581
2.94,-9.299274198922076,0.03356426756934581
2.95,-9.359652542717063,0.03356426756934581
2.96,-9.54103136485911,0.03356426756934581
2.97,-9.517656686148042,0.03356426756934581
2.98,-9.347072363383411,0.03356426756934581
2.99,-9.294735446349463,0.03356426756934581
3.0,-9.388599055071127,0.03356426756934581
3.0100000000000002,-9.489489402847735,0.03356426756934581
3.02,-9.47726853670994,0.03356426756934581
3.0300000000000002,-9.570902151426731,0.03356426756934581
3.04,-9.655540659769088,0.03356426756934581
3.0500000000000003,-9.750844770839231,0.03356426756934581
3.06,-9.769882538465263,0.03356426756934581
3.0700000000000003,-9.89376972491287,0.03356426756934581
3.08,-10.1557990931139,0.03356426756934581
3.09,-10.289645832220703,0.03356426756934581
3.1,-10.242233716866883,0.03356426756934581
3.11,-9.984841431544448,0.03356426756934581
3.12,-10.009828216811233,0.03356426756934581
3.13,-10.120047693664043,0.03356426756934581
3.14,-10.035663533926067,0.03356426756934581
3.15,-9.954703829154518,0.03356426756934581
3.16,-10.030320595899788,0.03356426756934581
3.17,-9.98452259273075,0.03356426756934581
3.18,-10.074204100628718,0.03356426756934581
3.19,-10.235348602669205,0.03356426756934581
3.2,-10.255574831171582,0.03356426756934581
3.21,-10.227215498353662,0.03356426756934581
3.22,-10.468048330143107,0.03356426756934581
3.23,-10.502993755309001,0.03356426756934581
3.24,-10.485788490889268,0.03356426756934581
3.25,-10.49219092161434,0.03356426756934581
3.2600000000000002,-10.482675374842337,0.03356426756934581
3.27,-10.470694307726012,0.03356426756934581
3.2800000000000002,-10.697568473288081,0.03356426756934581
3.29,-10.768357589362642,0.03356426756934581
3.3000000000000003,-10.72059073912657,0.03356426756934581
3.31,-10.767360516069258,0.03356426756934581
3.3200000000000003,-10.820456762301328,0.03356426756934581
3.33,-10.933117445406012,0.03356426756934581
3.34,-11.071030741692358,0.03356426756934581
3.35,-11.131501333924485,0.03356426756934581
3.36,-11.223834257399016,0.03356426756934581
3.37,-11.356873349932643,0.03356426756934581
3.38,-11.34195652810994,0.03356426756934581
3.39,-11.245046395904215,0.03356426756934581
3.4,-11.175897232520514,0.03356426756934581
3.41,-11.236192548599123,0.03356426756934581
3.42,-11.225802143849739,0.03356426756934581
3.43,-11.299937947284896,0.03356426756934581
3.44,-11.294495957151122,0.03356426756934581
3.45,-11.199684301348169,0.03356426756934581
3.46,-11.220403267831413,0.03356426756934581
3.47,-11.271262290892125,0.03356426756934581
3.48,-11.382801186963356,0.03356426756934581
3.49,-11.513515177497412,0.03356426756934581
3.5,-11.797092607976015,0.03356426756934581
3.5100000000000002,-12.08846328677974,0.03356426756934581
3.52,-12.043566168218632,0.03356426756934581
3.5300000000000002,-12.083062898524584,0.03356426756934581
3.54,-12.108757519617983,0.03356426756934581
3.5500000000000003,-12.123012973834259,0.03356426756934581
3.56,-12.110416399572674,0.03356426756934581
3.5700000000000003,-12.07949573018189,0.03356426756934581
3.58,-12.292867941261507,0.03356426756934581
3.59,-12.388720852214927,0.03356426756934581
3.6,-12.370036507632557,0.03356426756934581
3.61,-12.376252608359557,0.03356426756934581
3.62,-12.388367130581079,0.03356426756934581
3.63,-12.504467830091855,0.03356426756934581
3.64,-12.472514150743443,0.03356426756934581
3.65,-12.473298793277731,0.03356426756934581
3.66,-12.545779966212333,0.03356426756934581
3.67,-12.694892834255862,0.03356426756934581
3.68,-12.679178974827597,0.03356426756934581
3.69,-12.583748463928107,0.03356426756934581
3.7,-12.451172688265716,0.03356426756934581
3.71,-12.263893119793547,0.03356426756934581
3.72,-12.138060247357265,0.03356426756934581
3.73,-11.982497217645621,0.03356426756934581
3.74,-12.012834083226737,0.03356426756934581
3.75,-12.160105383488593,0.03356426756934581
3.7600000000000002,-12.338248533268956,0.03356426756934581
3.77,-12.218591972991186,0.03356426756934581
3.7800000000000002,-12.270075923429676,0.03356426756934581
3.79,-12.200781015764194,0.03356426756934581
3.8000000000000003,-12.103938951109484,0.03356426756934581
3.81,-12.293475815720354,0.03356426756934581
3.8200000000000003,-12.383147191473913,0.03356426756934581
3.83,-12.302607071811282,0.03356426756934581
3.84,-12.255831035776799,0.03356426756934581
3.85,-12.321475751035576,0.03356426756934581
3.86,-12.340756261760305,0.03356426756934581
3.87,-12.195220424931673,0.03356426756934581
3.88,-12.264684993586542,0.03356426756934581
3.89,-12.41121931777928,0.03356426756934581
3.9,-12.480482260614039,0.03356426756934581
3.91,-12.53578040053779,0.03356426756934581
3.92,-12.37670306924538,0.03356426756934581
3.93,-12.22179015875386,0.03356426756934581
3.94,-12.465816880147399,0.03356426756934581
3.95,-12.531377489154325,0.03356426756934581
3.96,-12.645672891471039,0.03356426756934581
3.97,-12.641709736729133,0.03356426756934581
3.98,-12.598784854494962,0.03356426756934581
3.99,-12.626961698159674,0.03356426756934581
4.0,-12.76642911948079,0.03356426756934581
4.01,-12.774085681027808,0.03356426756934581
4.0200000000000005,-12.847117047752896,0.03356426756934581
4.03,-12.954606746133129,0.03356426756934581
4.04,-12.939054719179454,0.03356426756934581
4.05,-13.012236769415866,0.03356426756934581
4.0600000000000005,-12.9688974705941,0.03356426756934581
4.07,-13.021039533853012,0.03356426756934581
4.08,-12.948027661294574,0.03356426756934581
4.09,-12.894051272370856,0.03356426756934581
4.1,-12.890612066013757,0.03356426756934581
4.11,-12.92223298942277,0.03356426756934581
4.12,-12.911456843557382,0.03356426756934581
4.13,-13.082856890068506,0.03356426756934581
4.14,-12.93144694720361,0.03356426756934581
4.15,-12.929574599040324,0.03356426756934581
4.16,-12.83711533766898,0.03356426756934581
4.17,-12.838566475597448,0.03356426756934581
4.18,-12.781725745969807,0.03356426756934581
4.19,-12.739838820560658,0.03356426756934581
4.2,-12.868205343915983,0.03356426756934581
4.21,-13.010097845706865,0.03356426756934581
4.22,-13.129894489697788,0.03356426756934581
4.23,-13.170214502393929,0.03356426756934581
4.24,-13.22950551838086,0.03356426756934581
4.25,-13.1128813822328,0.03356426756934581
4.26,-13.099702486981075,0.03356426756934581
4.2700000000000005,-13.110659462302879,0.03356426756934581
4.28,-13.218312453844389,0.03356426756934581
4.29,-13.356505341233326,0.03356426756934581
4.3,-13.390283557724942,0.03356426756934581
4.3100000000000005,-13.370793464239515,0.03356426756934581
4.32,-13.442545110923264,0.03356426756934581
4.33,-13.448483479544269,0.03356426756934581
4.34,-13.441402865949517,0.03356426756934581
4.3500000000000005,-13.533172411493407,0.03356426756934581
4.36,-8.551761693746242,0.03356426756934581
4.37,-8.404011100768427,0.03356426756934581
4.38,-8.47509879282404,0.03356426756934581
4.39,-8.485450229114866,0.03356426756934581
4.4,-8.58075316382348,0.03356426756934581
4.41,-8.54181483302886,0.03356426756934581
4.42,-8.577336058764187,0.03356426756934581
4.43,-8.758132583735362,0.03356426756934581
4.44,-8.770611890672349,0.03356426756934581
4.45,-8.7839439156863,0.03356426756934581
4.46,-8.751865724833461,0.03356426756934581
4.47,-8.843806375391395,0.03356426756934581
4.48,-8.879267165255705,0.03356426756934581
4.49,-8.891592708545444,0.03356426756934581
4.5,-9.000208949140706,0.03356426756934581
4.51,-9.121554070055653,0.03356426756934581
4.5200000000000005,-9.198204358770043,0.03356426756934581
4.53,-9.283770525456672,0.03356426756934581
4.54,-9.369475157105402,0.03356426756934581
4.55,-9.486669890677208,0.03356426756934581
4.5600000000000005,-9.32123872107917,0.03356426756934581
4.57,-9.419191048941803,0.03356426756934581
4.58,-9.382929713038088,0.03356426756934581
4.59,-9.388060639240834,0.03356426756934581
4.6000000000000005,-9.670372652498152,0.03356426756934581
4.61,3.9083195447003596,4.016628068100127
4.62,3.782629392258685,4.016628068100127
4.63,3.7223284790566007,4.016628068100127
4.64,3.756437785645783,4.016628068100127
4.65,3.71360809411312,4.016628068100127
4.66,3.7003898268395163,4.016628068100127
4.67,3.8598020597454807,4.016628068100127
4.68,3.717234118694584,4.016628068100127
4.69,3.756063380227591,4.016628068100127
4.7,3.7002648729307603,4.016628068100127
4.71,3.7485440857914543,4.016628068100127
4.72,3.547346411833144,4.016628068100127
4.73,3.485365085095159,4.016628068100127
4.74,3.5245422204270582,4.016628068100127
4.75,3.6142387911604437,4.016628068100127
4.76,3.340014477760081,4.016628068100127
4.7700000000000005,3.4608056975267076,4.016628068100127
4.78,3.4974559600879274,4.016628068100127
4.79,3.34027602414457,4.016628068100127
4.8,3.255948661383368,4.016628068100127
4.8100000000000005,3.148338368657247,4.016628068100127
4.82,3.1943193679240354,4.016628068100127
4.83,2.9412529227017323,4.016628068100127
4.84,2.9606372702439394,4.016628068100127
4.8500000000000005,2.9176856151942134,4.016628068100127
4.86,2.8659269488863353,4.016628068100127
4.87,2.763124414279154,4.016628068100127
4.88,2.7401949237994936,4.016628068100127
4.89,2.697966610287955,4.016628068100127
4.9,2.766619132227562,4.016628068100127
4.91,2.6098946530900844,4.016628068100127
4.92,2.635729786057614,4.016628068100127
4.93,2.883612592184535,4.016628068100127
4.94,2.8738208339801514,4.016628068100127
4.95,2.8669050424210543,4.016628068100127
4.96,2.974223799217183,4.016628068100127
4.97,3.1149692004056972,4.016628068100127
4.98,3.2030618614208244,4.016628068100127
4.99,3.265218938179731,4.016628068100127
5.0,2.9817909225933774,4.016628068100127
5.01,3.080342912734507,4.016628068100127
5.0200000000000005,3.099953562479753,4.016628068100127
5.03,3.2570255472355676,4.016628068100127
5.04,3.192805706944252,4.016628068100127
5.05,3.345868534663858,4.016628068100127
5.0600000000000005,3.1948643429668815,4.016628068100127
5.07,3.157504149251033,4.016628068100127
5.08,3.153208715437109,4.016628068100127
5.09,3.085132308145917,4.016628068100127
5.1000000000000005,2.9924368354663318,4.016628068100127
5.11,3.153444421381021,4.016628068100127
5.12,3.1182010185372064,4.016628068100127
5.13,3.2085198629307206,4.016628068100127
5.14,3.3061521123809583,4.016628068100127
5.15,3.1888691037889565,4.016628068100127
5.16,3.060439367135327,4.016628068100127
5.17,3.0400693750736245,4.016628068100127
5.18,2.959064932375074,4.016628068100127
5.19,2.8464658581717135,4.016628068100127
5.2,2.7254607618921374,4.016628068100127
5.21,2.5609277904245573,4.016628068100127
5.22,2.5905806760339627,4.016628068100127
5.23,2.6801872303283236,4.016628068100127
5.24,2.634860548813921,4.016628068100127
5.25,2.695321704852161,4.016628068100127
5.26,2.668431195620295,4.016628068100127
5.2700000000000005,2.793334681021914,4.016628068100127
5.28,2.7650053498179905,4.016628068100127
5.29,2.793301767367277,4.016628068100127
5.3,2.7800410801361783,4.016628068100127
5.3100000000000005,2.7856457447245906,4.016628068100127
5.32,2.7961719010052786,4.016628068100127
5.33,2.667345166070497,4.016628068100127
5.34,2.641287383882854,4.016628068100127
5.3500000000000005,2.5623002004708986,4.016628068100127
5.36,2.3613727916043836,4.016628068100127
5.37,2.2438594191592847,4.016628068100127
5.38,2.1692617834865633,4.016628068100127
5.39,2.1535098033384603,4.016628068100127
5.4,2.2685541143034214,4.016628068100127
5.41,2.1967279974920886,4.016628068100127
5.42,1.986150647864325,4.016628068100127
5.43,1.944734556827457,4.016628068100127
5.44,1.8216006898403623,4.016628068100127
5.45,1.9133296595126494,4.016628068100127
5.46,2.028912532889448,4.016628068100127
5.47,2.005465832168204,4.016628068100127
5.48,2.026392522669726,4.016628068100127
5.49,1.9555481498246516,4.016628068100127
5.5,1.8830284972260787,4.016628068100127
5.51,1.7014028478798737,4.016628068100127
5.5200000000000005,1.849869528927364,4.016628068100127
5.53,1.7632904940422613,4.016628068100127
5.54,1.8852088663413256,4.016628068100127
5.55,1.7832870504605558,4.016628068100127
5.5600000000000005,1.6951779569001386,4.016628068100127
5.57,1.629215777205839,4.016628068100127
5.58,1.7162972584395382,4.016628068100127
5.59,1.6140691377532592,4.016628068100127
5.6000000000000005,1.5856262471734188,4.016628068100127
5.61,1.5607545928556306,4.016628068100127
5.62,1.3069360128351561,4.016628068100127
5.63,1.3766405181624528,4.016628068100127
5.64,1.4545116925216093,4.016628068100127
5.65,1.4009145269206733,4.016628068100127
5.66,1.3207335344966382,4.016628068100127
5.67,1.2779894835014267,4.016628068100127
5.68,1.3521303323941858,4.016628068100127
5.69,1.3845845423791947,4.016628068100127
5.7,1.432416070815234,4.016628068100127
5.71,1.3443424471189713,4.016628068100127
5.72,1.333916705782389,4.016628068100127
5.73,1.270121153270531,4.016628068100127
5.74,1.4560046806143605,4.016628068100127
5.75,1.5132627566276518,4.016628068100127
5.76,1.436973772882697,4.016628068100127
5.7700000000000005,1.4458802147549232,4.016628068100127
5.78,1.5516906810737274,4.016628068100127
5.79,1.572987153078521,4.016628068100127
5.8,1.510202033649875,4.016628068100127
5.8100000000000005,1.4607413042968016,4.016628068100127
5.82,1.3779362694709671,4.016628068100127
5.83,1.4252161731449662,4.016628068100127
5.84,1.5019533923542518,4.016628068100127
5.8500000000000005,1.4836973540919978,4.016628068100127
5.86,1.4726436788322972,4.016628068100127
5.87,1.5007288141567758,4.016628068100127
5.88,1.6288967365784253,4.016628068100127
5.89,1.5629568075582787,4.016628068100127
5.9,1.3976265600893876,4.016628068100127
5.91,1.4751760128735723,4.016628068100127
5.92,1.6627411879627632,4.016628068100127
5.93,1.7077594449689888,4.016628068100127
5.94,1.7272366016739997,4.016628068100127
5.95,1.705226010243758,4.016628068100127
5.96,1.839660453851926,4.016628068100127
5.97,1.8404893086693075,4.016628068100127
5.98,1.9039347338327506,4.016628068100127
5.99,1.872530037328591,4.016628068100127
6.0,2.079993658928382,4.016628068100127
6.01,5.33522864246338,5.440462091223284
6.0200000000000005,5.272862795372574,5.440462091223284
6.03,5.18398645931181,5.440462091223284
6.04,5.273319767125199,5.440462091223284
6.05,5.239211486610306,5.440462091223284
6.0600000000000005,5.084844030796984,5.440462091223284
6.07,5.066543472925093,5.440462091223284
6.08,5.130677399891329,5.440462091223284
6.09,5.147393835469127,5.440462091223284
6.1000000000000005,5.098027668707705,5.440462091223284
6.11,5.0675065468915035,5.440462091223284
6.12,5.075492757903409,5.440462091223284
6.13,5.214367784048613,5.440462091223284
6.140000000000001,5.189444720984636,5.440462091223284
6.15,5.159520462342452,5.440462091223284
6.16,5.156334351447366,5.440462091223284
6.17,5.155267719147212,5.440462091223284
6.18,5.273960174153418,5.440462091223284
6.19,5.147799397802708,5.440462091223284
6.2,5.3467799153882165,5.440462091223284
6.21,5.34772243447143,5.440462091223284
6.22,5.3056771778915905,5.440462091223284
6.23,5.1700142576588135,5.440462091223284
6.24,5.110990153834857,5.440462091223284
6.25,5.080415146950176,5.440462091223284
6.26,5.056286758619196,5.440462091223284
6.2700000000000005,4.9221356383042485,5.440462091223284
6.28,4.897624545978264,5.440462091223284
6.29,5.0570665277321085,5.440462091223284
6.3,5.099092705037584,5.440462091223284
6.3100000000000005,5.018504830290227,5.440462091223284
6.32,5.039614417684183,5.440462091223284
6.33,4.966411256627599,5.440462091223284
6.34,5.163807056248794,5.440462091223284
6.3500000000000005,5.038495514330764,5.440462091223284
6.36,5.123087276815128,5.440462091223284
6.37,4.930256181515905,5.440462091223284
6.38,4.901979357654958,5.440462091223284
6.390000000000001,4.825876904790716,5.440462091223284
6.4,4.841481032267941,5.440462091223284
6.41,4.86347947413868,5.440462091223284
6.42,4.856908202716558,5.440462091223284
6.43,5.054504689057792,5.440462091223284
6.44,5.075985442237294,5.440462091223284
6.45,5.065310616033852,5.440462091223284
6.46,5.147213539587064,5.440462091223284
6.47,5.166189936201954,5.440462091223284
6.48,5.181255844472909,5.440462091223284
6.49,5.221558967722822,5.440462091223284
6.5,5.245444460232692,5.440462091223284
6.51,5.396627664427926,5.450763100535985
6.5200000000000005,5.532987605650148,5.561333096287918
6.53,5.311367578172942,5.585418886566066
6.54,5.258033610435958,5.585418886566066
6.55,5.173272715777393,5.585418886566066
6.5600000000000005,5.153465367657842,5.585418886566066
6.57,5.031847492857848,5.585418886566066
6.58,4.871959131130244,5.585418886566066
6.59,4.82612671289655,5.585418886566066
6.6000000000000005,4.694466952411631,5.585418886566066
6.61,4.800240412738421,5.585418886566066
6.62,4.8059102254182555,5.585418886566066
6.63,4.695463190450521,5.585418886566066
6.640000000000001,4.767452667291603,5.585418886566066
6.65,4.746962566542085,5.585418886566066
6.66,4.8234989170242875,5.585418886566066
6.67,4.832778007985824,5.585418886566066
6.68,4.688040184186039,5.585418886566066
6.69,4.636120016551164,5.585418886566066
6.7,4.673211723044287,5.585418886566066
6.71,4.813021474078006,5.585418886566066
6.72,4.636467439286606,5.585418886566066
6.73,4.691548672788468,5.585418886566066
6.74,4.530476638435591,5.585418886566066
6.75,4.487057804063361,5.585418886566066
6.76,4.416667275303004,5.585418886566066
6.7700000000000005,4.325447135834281,5.585418886566066
6.78,4.403372224092812,5.585418886566066
6.79,4.589077880455389,5.585418886566066
6.8,4.6660574487288065,5.585418886566066
6.8100000000000005,4.658426764203484,5.585418886566066
6.82,4.516142554387603,5.585418886566066
6.83,4.3636555995807225,5.585418886566066
6.84,4.316142666651303,5.585418886566066
6.8500000000000005,4.277334087264454,5.585418886566066
6.86,4.246266926097175,5.585418886566066
6.87,4.292161544984625,5.585418886566066
6.88,4.199049475737016,5.585418886566066
6.890000000000001,4.258399166777844,5.585418886566066
6.9,4.290951412773861,5.585418886566066
6.91,4.359119743079913,5.585418886566066
6.92,4.426561640301577,5.585418886566066
6.93,4.4334792494699204,5.585418886566066
6.94,4.474502146375283,5.585418886566066
6.95,4.488077626234505,5.585418886566066
6.96,4.432755062466188,5.585418886566066
6.97,4.42318904353871,5.585418886566066
6.98,4.325439379074976,5.585418886566066
6.99,4.395386416027006,5.585418886566066
7.0,4.456850374693137,5.585418886566066
7.01,4.498407106315863,5.585418886566066
7.0200000000000005,4.736453209070693,5.585418886566066
7.03,8.098710253853405,8.191508827741623
7.04,8.175996521494747,8.218066968035119
7.05,8.099110490547647,8.307743980740831
7.0600000000000005,8.284010645092925,8.307743980740831
7.07,8.260283718660947,8.367348537623538
7.08,8.20555699677443,8.367348537623538
7.09,8.238560822745358,8.367348537623538
7.1000000000000005,8.271504648939903,8.367348537623538
7.11,8.29598863382573,8.367348537623538
7.12,8.361702724242877,8.421977881359446
7.13,8.279817519592111,8.421977881359446
7.140000000000001,8.34398319721412,8.421977881359446
7.15,8.207357234399149,8.421977881359446
7.16,8.288557611562267,8.421977881359446
7.17,8.068200258208542,8.421977881359446
7.18,7.977673383401629,8.421977881359446
7.19,7.97081265929841,8.421977881359446
7.2,7.903619300693107,8.421977881359446
7.21,7.69332276266704,8.421977881359446
7.22,7.73157907690384,8.421977881359446
7.23,7.646743293244612,8.421977881359446
7.24,7.830001559563048,8.421977881359446
7.25,7.815220344931386,8.421977881359446
7.26,7.768792350086135,8.421977881359446
7.2700000000000005,7.669792595836343,8.421977881359446
7.28,7.667452903564985,8.421977881359446
7.29,7.688651061511906,8.421977881359446
7.3,7.577925478429292,8.421977881359446
7.3100000000000005,7.738257368186755,8.421977881359446
7.32,7.765633647271624,8.421977881359446
7.33,7.800978396347984,8.421977881359446
7.34,7.797745881626207,8.421977881359446
7.3500000000000005,7.699471198011605,8.421977881359446
7.36,7.730182216834896,8.421977881359446
7.37,7.666618825602334,8.421977881359446
7.38,7.531091597114888,8.421977881359446
7.390000000000001,7.53463940489478,8.421977881359446
7.4,7.446638053631743,8.421977881359446
7.41,7.450710759351195,8.421977881359446
7.42,7.507130337885388,8.421977881359446
7.43,7.386707556584337,8.421977881359446
7.44,7.4162830248948,8.421977881359446
7.45,7.3933983653987,8.421977881359446
7.46,7.398994449101157,8.421977881359446
7.47,7.25764434012372,8.421977881359446
7.48,7.388692650300377,8.421977881359446
7.49,7.387393952841535,8.421977881359446
7.5,7.526290406566083,8.421977881359446
7.51,7.659590492501021,8.421977881359446
7.5200000000000005,7.7838382283788805,8.421977881359446
7.53,7.765123184054954,8.421977881359446
7.54,7.703610064090672,8.421977881359446
7.55,7.804755232675839,8.421977881359446
7.5600000000000005,7.737258913645194,8.421977881359446
7.57,7.885981386982849,8.421977881359446
7.58,7.837712581010858,8.421977881359446
7.59,7.954128215480707,8.421977881359446
7.6000000000000005,7.926147759276041,8.421977881359446
7.61,8.082101255756399,8.421977881359446
7.62,8.033006159786435,8.421977881359446
7.63,7.901980795101151,8.421977881359446
7.640000000000001,8.038460013282156,8.421977881359446
7.65,7.82527292521576,8.421977881359446
7.66,7.855673185280726,8.421977881359446
7.67,7.827729711918549,8.421977881359446
7.68,7.920022796664364,8.421977881359446
7.69,8.017866327800009,8.421977881359446
7.7,8.01690214327958,8.421977881359446
7.71,8.122794331044123,8.421977881359446
7.72,8.05689982583969,8.421977881359446
7.73,7.878526126448245,8.421977881359446
7.74,7.822428757433326,8.421977881359446
7.75,7.8539276294317215,8.421977881359446
7.76,7.870372691093218,8.421977881359446
7.7700000000000005,7.684946060977212,8.421977881359446
7.78,7.63552080990639,8.421977881359446
7.79,7.473357037776414,8.421977881359446
7.8,7.506713686319558,8.421977881359446
7.8100000000000005,7.423659518549391,8.421977881359446
7.82,7.459701064891247,8.421977881359446
7.83,7.419369789402326,8.421977881359446
7.84,7.525566460850692,8.421977881359446
7.8500000000000005,7.579874251818552,8.421977881359446
7.86,7.52867142809041,8.421977881359446
7.87,7.7745904663182275,8.421977881359446
7.88,7.701463771129532,8.421977881359446
7.890000000000001,7.773258740645112,8.421977881359446
7.9,7.81195704501025,8.421977881359446
7.91,7.855724274476784,8.421977881359446
7.92,8.040695018577999,8.421977881359446
7.930000000000001,7.754435881012877,8.421977881359446
7.94,7.839508408638082,8.421977881359446
7.95,7.797691050104557,8.421977881359446
7.96,7.682490556206946,8.421977881359446
7.97,7.559624972864348,8.421977881359446
7.98,7.645774445951398,8.421977881359446
7.99,7.5845298271657775,8.421977881359446
8.0,7.573180421972326,8.421977881359446
8.01,7.598341720007012,8.421977881359446
8.02,7.564810111514895,8.421977881359446
8.03,7.6881549979437604,8.421977881359446
8.040000000000001,7.586794560422188,8.421977881359446
8.05,7.468832197498333,8.421977881359446
8.06,7.5930282059945045,8.421977881359446
8.07,7.650513075504944,8.421977881359446
8.08,7.765300353530676,8.421977881359446
8.09,7.79640292691258,8.421977881359446
8.1,7.718266222664811,8.421977881359446
8.11,7.747843429577527,8.421977881359446
8.120000000000001,7.833333461265081,8.421977881359446
8.13,7.730481271049976,8.421977881359446
8.14,7.818856158002093,8.421977881359446
8.15,7.763038539004862,8.421977881359446
8.16,7.689949508102924,8.421977881359446
8.17,7.461437845792965,8.421977881359446
8.18,7.525165970322107,8.421977881359446
8.19,7.754415518712909,8.421977881359446
8.2,7.789017076973416,8.421977881359446
8.21,7.989241437169377,8.421977881359446
8.22,7.886741873274048,8.421977881359446
8.23,7.746967927251418,8.421977881359446
8.24,7.645535836891373,8.421977881359446
8.25,7.528599052270989,8.421977881359446
8.26,7.494368702673175,8.421977881359446
8.27,7.445471581058721,8.421977881359446
8.28,7.354508247002409,8.421977881359446
8.290000000000001,7.3534932035639216,8.421977881359446
8.3,7.344699253053963,8.421977881359446
8.31,7.597981285578657,8.421977881359446
8.32,7.674589130538279,8.421977881359446
8.33,7.744661361948067,8.421977881359446
8.34,7.689345417024228,8.421977881359446
8.35,7.671988237054642,8.421977881359446
8.36,7.721257967196581,8.421977881359446
8.370000000000001,7.59272464656591,8.421977881359446
8.38,7.787393073960476,8.421977881359446
8.39,7.7550038743792635,8.421977881359446
8.4,7.774095262439485,8.421977881359446
8.41,7.708305944073796,8.421977881359446
8.42,7.592934289398519,8.421977881359446
8.43,7.507072182274728,8.421977881359446
8.44,7.583147129920345,8.421977881359446
8.45,7.546366201752842,8.421977881359446
8.46,7.601810029678002,8.421977881359446
8.47,7.614257367481352,8.421977881359446
8.48,7.594415545873657,8.421977881359446
8.49,7.5625541178341615,8.421977881359446
8.5,7.511483538515813,8.421977881359446
8.51,7.543357004574119,8.421977881359446
8.52,7.394045200344376,8.421977881359446
8.53,7.463141447175201,8.421977881359446
8.540000000000001,7.372130916086929,8.421977881359446
8.55,7.382749365995263,8.421977881359446
8.56,7.459176995860728,8.421977881359446
8.57,7.411495538862592,8.421977881359446
8.58,7.481344771934969,8.421977881359446
8.59,7.485287666252687,8.421977881359446
8.6,7.557766197228859,8.421977881359446
8.61,7.620492434747897,8.421977881359446
8.620000000000001,7.6381621198985625,8.421977881359446
8.63,7.4735031457284755,8.421977881359446
8.64,7.761892693508115,8.421977881359446
8.65,7.662959371657051,8.421977881359446
8.66,7.5979458966805,8.421977881359446
8.67,7.658723294537353,8.421977881359446
8.68,7.523102432958762,8.421977881359446
8.69,7.510098348585147,8.421977881359446
8.700000000000001,7.610314276337184,8.421977881359446
8.71,7.5349433808652835,8.421977881359446
8.72,7.502044168515477,8.421977881359446
8.73,7.576913654549024,8.421977881359446
8.74,7.424480029356257,8.421977881359446
8.75,7.301846203524302,8.421977881359446
8.76,7.1647373641274585,8.421977881359446
8.77,7.130173061485695,8.421977881359446
8.78,7.041545244716663,8.421977881359446
8.790000000000001,6.9596426532323274,8.421977881359446
8.8,6.911912366769231,8.421977881359446
8.81,6.937062986844118,8.421977881359446
8.82,7.03642438796885,8.421977881359446
8.83,6.960934096708913,8.421977881359446
8.84,6.867738167963646,8.421977881359446
8.85,6.901238728828214,8.421977881359446
8.86,7.043588800241422,8.421977881359446
8.870000000000001,7.102948007058307,8.421977881359446
8.88,7.045425951901688,8.421977881359446
8.89,7.058498477283113,8.421977881359446
8.9,6.856990962764254,8.421977881359446
8.91,6.720191154780538,8.421977881359446
8.92,6.625637105249943,8.421977881359446
8.93,6.765414422127469,8.421977881359446
8.94,6.646488225740906,8.421977881359446
8.950000000000001,6.742156974339023,8.421977881359446
8.96,6.855111041561573,8.421977881359446
8.97,6.964079756734837,8.421977881359446
8.98,7.136712599144977,8.421977881359446
8.99,7.072298585414368,8.421977881359446
9.0,6.975363608852636,8.421977881359446
9.01,6.885269892605792,8.421977881359446
9.02,6.905973642820477,8.421977881359446
9.03,6.9191806657629416,8.421977881359446
9.040000000000001,6.880548237264037,8.421977881359446
9.05,6.843391104310168,8.421977881359446
9.06,6.984211011489946,8.421977881359446
9.07,6.888797774104071,8.421977881359446
9.08,6.852532840737555,8.421977881359446
9.09,6.795592230330193,8.421977881359446
9.1,6.853251085841004,8.421977881359446
9.11,6.851918691125155,8.421977881359446
9.120000000000001,6.812934742263421,8.421977881359446
9.13,6.878059294271635,8.421977881359446
9.14,6.833261928223144,8.421977881359446
9.15,6.686916924757403,8.421977881359446
9.16,6.761400714981808,8.421977881359446
9.17,6.986386089168398,8.421977881359446
9.18,6.918715943589086,8.421977881359446
9.19,7.083613078080253,8.421977881359446
9.200000000000001,7.080278721152915,8.421977881359446
9.21,7.209239506434177,8.421977881359446
9.22,7.3052468327645785,8.421977881359446
9.23,7.1499467452207295,8.421977881359446
9.24,7.227784999480795,8.421977881359446
9.25,7.266328185417412,8.421977881359446
9.26,7.208653663160224,8.421977881359446
9.27,7.186347369299658,8.421977881359446
9.28,7.070929605817802,8.421977881359446
9.290000000000001,6.969328018069005,8.421977881359446
9.3,6.96356434600161,8.421977881359446
9.31,7.061745655234968,8.421977881359446
9.32,7.210295128045901,8.421977881359446
9.33,7.039861719254834,8.421977881359446
9.34,7.25937967097183,8.421977881359446
9.35,7.168166029740009,8.421977881359446
9.36,7.0586009664652,8.421977881359446
9.370000000000001,6.996763279632775,8.421977881359446
9.38,7.039131297156736,8.421977881359446
9.39,7.035154604666444,8.421977881359446
9.4,6.965287787808086,8.421977881359446
9.41,7.150664049584493,8.421977881359446
9.42,7.291954734802162,8.421977881359446
9.43,7.224704750894532,8.421977881359446
9.44,7.238430494429657,8.421977881359446
9.450000000000001,7.350205569586493,8.421977881359446
9.46,7.473811022926715,8.421977881359446
9.47,7.51547688123347,8.421977881359446
9.48,7.601511205137393,8.421977881359446
9.49,7.692403193719738,8.421977881359446
9.5,7.764628732877635,8.421977881359446
9.51,7.63650717624721,8.421977881359446
9.52,7.578889989794763,8.421977881359446
9.53,7.384036770986844,8.421977881359446
9.540000000000001,7.406766055498113,8.421977881359446
9.55,7.251150631199261,8.421977881359446
9.56,7.18238599069033,8.421977881359446
9.57,7.432204333795905,8.421977881359446
9.58,7.671370313918768,8.421977881359446
9.59,7.779479027837877,8.421977881359446
9.6,7.642946975327635,8.421977881359446
9.61,7.717571578943353,8.421977881359446
9.620000000000001,7.678707830587691,8.421977881359446
9.63,7.543264549414052,8.421977881359446
9.64,7.2912151891774055,8.421977881359446
9.65,7.2534051458972675,8.421977881359446
9.66,7.35787842995168,8.421977881359446
9.67,7.436325322130376,8.421977881359446
9.68,7.296376037421059,8.421977881359446
9.69,7.241423892742848,8.421977881359446
9.700000000000001,7.125791765130214,8.421977881359446
9.71,7.166196301570316,8.421977881359446
9.72,7.154564890721956,8.421977881359446
9.73,7.105173520869513,8.421977881359446
9.74,7.036917336639473,8.421977881359446
9.75,7.057404766479477,8.421977881359446
9.76,6.98921849355279,8.421977881359446
9.77,6.95540940995266,8.421977881359446
9.78,6.94681198839917,8.421977881359446
9.790000000000001,7.0145131654548525,8.421977881359446
9.8,7.012911767415908,8.421977881359446
9.81,7.016056740887784,8.421977881359446
9.82,6.903004331611768,8.421977881359446
9.83,6.8897740524718385,8.421977881359446
9.84,6.732775732889425,8.421977881359446
9.85,6.579188742159061,8.421977881359446
9.86,6.6066512631920356,8.421977881359446
9.870000000000001,6.635376464527752,8.421977881359446
9.88,6.57835460406705,8.421977881359446
9.89,6.392877070895091,8.421977881359446
9.9,6.443156472506214,8.421977881359446
9.91,6.55448548269293,8.421977881359446
9.92,6.600091501131867,8.421977881359446
9.93,6.56115011204091,8.421977881359446
9.94,6.545031082478841,8.421977881359446
9.950000000000001,6.3918026609972936,8.421977881359446
9.96,6.20381511143287,8.421977881359446
9.97,6.110730859942452,8.421977881359446
9.98,6.156526276143017,8.421977881359446
9.99,6.1591463550578025,8.421977881359446
10.0,6.248498300489547,8.421977881359446
